"Source: EMFAC2021 (v1.0.1) Emissions Inventory"
"Region Type: County"
"Region: San Mateo"
"Calendar Year: 2020, 2030, 2040, 2050"
"Season: Annual"
"Vehicle Classification: EMFAC202x Categories"
"Units:  miles/day for CVMT and EVMT, trips/day for Trips, kWh/day for Energy Consumption, tons/day for Emissions, 1000 gallons/day for Fuel Consumption"

Region,"Calendar Year","Vehicle Category","Model Year",Speed,Fuel,Population,"Total VMT",CVMT,EVMT,Trips,"Energy Consumption",NOx_RUNEX,NOx_IDLEX,NOx_STREX,NOx_TOTEX,PM2.5_RUNEX,PM2.5_IDLEX,PM2.5_STREX,PM2.5_TOTEX,PM2.5_PMTW,PM2.5_PMBW,PM2.5_TOTAL,PM10_RUNEX,PM10_IDLEX,PM10_STREX,PM10_TOTEX,PM10_PMTW,PM10_PMBW,PM10_TOTAL,CO2_RUNEX,CO2_IDLEX,CO2_STREX,CO2_TOTEX,CH4_RUNEX,CH4_IDLEX,CH4_STREX,CH4_TOTEX,N2O_RUNEX,N2O_IDLEX,N2O_STREX,N2O_TOTEX,ROG_RUNEX,ROG_IDLEX,ROG_STREX,ROG_TOTEX,ROG_DIURN,ROG_HOTSOAK,ROG_RUNLOSS,ROG_TOTAL,TOG_RUNEX,TOG_IDLEX,TOG_STREX,TOG_TOTEX,TOG_DIURN,TOG_HOTSOAK,TOG_RUNLOSS,TOG_TOTAL,CO_RUNEX,CO_IDLEX,CO_STREX,CO_TOTEX,SOx_RUNEX,SOx_IDLEX,SOx_STREX,SOx_TOTEX,NH3_RUNEX,"Fuel Consumption"
"San Mateo",2020,LDA,Aggregate,Aggregate,Gasoline,242868.10989067482,7500311.199969578,7500311.199969578,0,1142657.4646575646,0,0.5133969882389521,0,0.38935903901325,0.902756027252202,0.011701364901579348,0,0.002952680444464317,0.014654045346043665,0.016535355742358673,0.019667303186885053,0.05085670427528739,0.01272613944443143,0,0.003211012918297243,0.015937152362728673,0.06614142296943469,0.056192294819671584,0.13827087015183495,2421.1888897044755,0,94.70357139367975,2515.8924610981553,0.02703084211346356,0,0.10924039881531851,0.13627124092878207,0.04709813049882414,0,0.044119544458996636,0.09121767495782077,0.11289254914249258,0,0.5393551719051222,0.6522477210476147,0.3857907007439015,0.12417276234977907,0.3109708914235318,1.473182075564827,0.16468132230115914,0,0.5905206004369331,0.7552019227380923,0.3857907007439015,0.12417276234972796,0.3109708914234039,1.5761362772551257,7.042457531204802,0,5.201804583195707,12.24426211440051,0.02393591713509342,0,0.0009362412188968888,0.024872158353990308,0.27281787793567963,265.29771648823356
"San Mateo",2020,LDA,Aggregate,Aggregate,Diesel,996.8649809496283,24543.35688551619,24543.35688551619,0,4315.508962837569,0,0.008098688057305447,0,0,0.008098688057305447,0.0005275639265257424,0,0,0.0005275639265257424,0.00005410883980591691,0.00006515211822654944,0.0006468248845582089,0.0005514180262529841,0,0,0.0005514180262529841,0.00021643535922366764,0.0001861489092187127,0.0009540022946953644,6.5498438140519495,0,0,6.5498438140519495,0.00004114754471956028,0,0,0.00004114754471956028,0.0010319305602566923,0,0,0.0010319305602566923,0.0008858824116612585,0,0,0.0008858824116612585,0,0,0,0.0008858824116612585,0.001008518228211815,0,0,0.001008518228211815,0,0,0,0.001008518228211815,0.009884877822086345,0,0,0.009884877822086345,0.00006206309878536989,0,0,0.00006206309878536989,0.00008386867766232929,0.585094953316542
"San Mateo",2020,LDA,Aggregate,Aggregate,Electricity,11309.381300884219,387273.44036658056,0,387273.44036658056,57026.04562593921,149519.51139795769,0,0,0,0,0,0,0,0,0.000853791787473365,0.0006520463830641881,0.001505838170537553,0,0,0,0,0.00341516714989346,0.0018629896658976808,0.00527815681579114,0,0,0,0,0,0,0,0,0,0,0,0,0,0,0,0,0,0,0,0,0,0,0,0,0,0,0,0,0,0,0,0,0,0,0,0,0,0
"San Mateo",2020,LDA,Aggregate,Aggregate,"Plug-in Hybrid",4873.61538727519,182757.1856625328,97646.36436255205,85110.82129998077,20152.399627087147,25706.004741275512,0.000697529655205635,0,0.0026034833356075615,0.0033010129908131965,0.00017102440715376224,0,0.00005770897089820442,0.00022873337805196666,0.0004029106258170366,0.00026292602480891574,0.0008945700286779191,0.00018600464719642756,0,0.00006276377126885006,0.00024876841846527763,0.0016116425032681465,0.0007512172137397595,0.002611628135473184,29.226138173890945,0,1.5138401784365427,30.739978352327487,0.00009174235878137386,0,0.0009489406835126582,0.001040683042294032,0.00012263941423316198,0,0.0004572550714606099,0.0005798944856937718,0.0002951084759754241,0,0.003923808395404871,0.004218916871380296,0.0022953364959401633,0.0007986823422999338,0.0007280758157059645,0.008041011525326358,0.000430621595400654,0,0.004296076294557132,0.0047266978899577865,0.0022953364959401633,0.0007986823422996052,0.000728075815705665,0.008548792543903219,0.04375589718198073,0,0.030615396288555134,0.07437129347053587,0.0002889301303519654,0,0.000014965851371990605,0.000303895981723956,0.004080869610542632,3.2414923085426928
"San Mateo",2020,LDT1,Aggregate,Aggregate,Gasoline,23587.756875344174,652528.6805548841,652528.6805548841,0,106369.03880717405,0,0.130422418866353,0,0.0544594582688981,0.18488187713525112,0.001552639009787625,0,0.00038145681185014046,0.0019340958216377655,0.0014385794905564314,0.002090015616885813,0.00546269092908001,0.0016884506236681575,0,0.00041481398143306767,0.0021032646051012253,0.005754317962225725,0.005971473191102325,0.013829055758429276,248.004988151267,0,10.890691553861066,258.8956797051281,0.006063259441487055,0,0.015071108246453227,0.021134367687940282,0.008631716319969238,0,0.0048788422508996825,0.01351055857086892,0.028075827363910594,0,0.08180230933793156,0.10987813670184216,0.07288411217459596,0.021818278128584605,0.06359848207559532,0.26817900908061804,0.0409192791703329,0,0.08956242432366232,0.13048170349399524,0.07288411217459596,0.021818278128575615,0.06359848207556915,0.2887825758727359,1.256067951266951,0,0.8059780240021702,2.0620459752691214,0.0024517817964227963,0,0.0001076655735888901,0.0025594473700116865,0.025538798311321144,27.30022594227248
"San Mateo",2020,LDT1,Aggregate,Aggregate,Diesel,10.50553636439901,142.84322363507056,142.84322363507056,0,32.10177446614302,0,0.00026889719473690974,0,0,0.00026889719473690974,0.00003891444322479172,0,0,0.00003891444322479172,0.0000003149154022036803,0.0000005365658129774513,0.00003976592443997286,0.00004067398166713247,0,0,0.00004067398166713247,0.0000012596616088147212,0.0000015330451799355753,0.00004346668845588277,0.06645375015314725,0,0,0.06645375015314725,0.0000024004287468052435,0,0,0.0000024004287468052435,0.000010469815399196877,0,0,0.000010469815399196877,0.00005167981763514481,0,0,0.00005167981763514481,0,0,0,0.00005167981763514481,0.000058834036469882527,0,0,0.000058834036469882527,0,0,0,0.000058834036469882527,0.00027496741845589205,0,0,0.00027496741845589205,0.0000006296830546653332,0,0,0.0000006296830546653332,0.0000004881187335204163,0.005936287176825261
"San Mateo",2020,LDT1,Aggregate,Aggregate,Electricity,52.64110425665383,1477.5441943946744,0,1477.5441943946744,249.4128817143452,570.4540073950421,0,0,0,0,0,0,0,0,0.000003257427355743818,0.0000025077395404353525,0.00000576516689617917,0,0,0,0,0.000013029709422975272,0.000007164970115529579,0.00002019467953850485,0,0,0,0,0,0,0,0,0,0,0,0,0,0,0,0,0,0,0,0,0,0,0,0,0,0,0,0,0,0,0,0,0,0,0,0,0,0
"San Mateo",2020,LDT1,Aggregate,Aggregate,"Plug-in Hybrid",2.491174454113365,102.34288145985062,53.269078400086386,49.073803059764224,10.30100636811874,14.821751157593459,0.00000038052376176110903,0,0.0000013307843688916011,0.0000017113081306527101,0.00000007913928886088265,0,0.000000025499381827894987,0.00000010463867068877763,0.00000022562743165157434,0.00000014745608355453334,0.0000004777221858948853,0.00000008607119737424466,0,0.000000027732904323769004,0.00000011380410169801367,0.0000009025097266062974,0.0000004213030958700953,0.0000014376169241744064,0.015943752293083993,0,0.0008647797227482581,0.01680853201583225,0.000000050439373303852485,0,0.0000004890760991526124,0.0000005395154724564649,0.00000006791243593229736,0,0.0000002374682782306711,0.00000030538071416296845,0.00000016099069991891728,0,0.000002005675553099657,0.0000021666662530185744,0.000000912027770680401,0.0000003045327881234145,0.00000030179362862249143,0.000003685020440444881,0.0000002349172514093611,0,0.0000021959622718415436,0.0000024308795232509045,0.000000912027770680401,0.0000003045327881232892,0.0000003017936286223674,0.000003949233710676962,0.000023870180243463733,0,0.00001564922282044231,0.00003951940306390604,0.00000015762022340863087,0,0.000000008549227973013652,0.00000016616945138164452,0.0000024662018141874355,0.001772438699296889
"San Mateo",2020,LDT2,Aggregate,Aggregate,Gasoline,109543.06150004422,3480182.1122384053,3480182.1122384053,0,522321.9885303809,0,0.33990629944644996,0,0.231744118141137,0.571650417587587,0.005622944733004523,0,0.0012962006365815559,0.0069191453695860786,0.007672488212794244,0.010646041249344497,0.02523767483172482,0.00611533491520266,0,0.0014096977205569244,0.007525032635759585,0.030689952851176976,0.030417260712412846,0.0686322461993494,1394.914878305138,0,53.75819844745915,1448.6730767525971,0.013028450112384805,0,0.05395828424517229,0.06698673435755709,0.025916365487951055,0,0.023128753950435434,0.04904511943838649,0.053726319844068386,0,0.26188964083529215,0.31561596067936054,0.14377033147734647,0.04546571083298192,0.11225244844325856,0.6171044514329475,0.07835755523384211,0,0.2867355385053022,0.36509309373914434,0.14377033147734647,0.045465710832963205,0.11225244844321237,0.6665815844926664,3.477651409502496,0,2.505959597939503,5.983611007441999,0.013790153704899928,0,0.0005314545217194302,0.014321608226619358,0.13278563734952153,152.76076586862243
"San Mateo",2020,LDT2,Aggregate,Aggregate,Diesel,412.6233385372686,13496.575963166077,13496.575963166077,0,1996.9477924009693,0,0.0008905797752475888,0,0,0.0008905797752475888,0.000088362828185432,0,0,0.000088362828185432,0.000029754856685896366,0.00004140094047592573,0.00015951862534725408,0.00009235820317173443,0,0,0.00009235820317173443,0.00011901942674358546,0.0001182884013597878,0.00032966603127510766,4.959286408277266,0,0,4.959286408277266,0.000010258072201585325,0,0,0.000010258072201585325,0.0007813375932396498,0,0,0.0007813375932396498,0.000220850254927017,0,0,0.000220850254927017,0,0,0,0.000220850254927017,0.00025142333211181355,0,0,0.00025142333211181355,0,0,0,0.00025142333211181355,0.002023662010945219,0,0,0.002023662010945219,0.000046991759040349696,0,0,0.000046991759040349696,0.000046120014645099775,0.44301109032694475
"San Mateo",2020,LDT2,Aggregate,Aggregate,Electricity,52.49314259743191,1589.473720584333,0,1589.473720584333,269.9659252909853,613.6680425507741,0,0,0,0,0,0,0,0,0.000003504189721234354,0.0000026696536338574255,0.000006173843355091779,0,0,0,0,0.000014016758884937415,0.000007627581811021219,0.000021644340695958632,0,0,0,0,0,0,0,0,0,0,0,0,0,0,0,0,0,0,0,0,0,0,0,0,0,0,0,0,0,0,0,0,0,0,0,0,0,0
"San Mateo",2020,LDT2,Aggregate,Aggregate,"Plug-in Hybrid",343.40259868869884,13816.097509281477,7252.614092656435,6563.483416625044,1419.9697456273911,1982.3676149519738,0.00005180851781236717,0,0.00018344552699514773,0.0002352540448075149,0.000012757478304299469,0,0.00000415835914997737,0.00001691583745427684,0.00003045928111463047,0.000019894120460075267,0.00006726923902898257,0.000013874921659420588,0,0.0000045225949879315925,0.00001839751664735218,0.00012183712445852188,0.000056840344171643636,0.00019707498527751769,2.170750575073903,0,0.12836915166065474,2.299119726734558,0.000006856907122459993,0,0.00006731521782767845,0.00007417212495013845,0.00000921939447045474,0,0.00003263887245020277,0.00004185826692065751,0.00002191897164522128,0,0.000276477705494917,0.00029839667714013827,0.00013511279297000019,0.000044110228526059766,0.00004361913748990675,0.0005212388361261049,0.00003198411197173789,0,0.0003027082866587586,0.0003346923986304965,0.00013511279297000019,0.000044110228526041626,0.000043619137489888795,0.000557534557616427,0.003249938065902667,0,0.002157208932166508,0.005407146998069175,0.000021460079429105313,0,0.000001269059754039558,0.00002272913918314487,0.0003343462575146584,0.24243930250082862
"San Mateo",2020,LHD1,Aggregate,Aggregate,Gasoline,9054.510717218993,308144.0480133245,308144.0480133245,0,134898.7184655943,0,0.06965856107687066,0.00039337662790420267,0.10227176846150161,0.17232370616627646,0.0005526845998175958,0,0.0000517201734664486,0.0006044047732840443,0.0006793413397445485,0.009273009277871846,0.010556755390900438,0.0006010308460999172,0,0.00005622474739363667,0.0006572555934935539,0.002717365358978194,0.02649431222249099,0.02986893317496274,310.39774619323083,1.2149442661874783,4.042981295515881,315.6556717549342,0.0033375035036704117,0.001202505016755908,0.005391857609164457,0.009931866129590777,0.0038518907802096063,0.000030841176736044675,0.007943422004500331,0.011826153961445983,0.016729611786912627,0.004506630317827489,0.02728908412955205,0.04852532623429216,0.023721741236830546,0.006921638375488208,0.0355508525970425,0.11471955844365342,0.02434646877210776,0.006575526837224816,0.02987715273442504,0.06079914834375762,0.023721741236830546,0.0069216383754853615,0.03555085259702787,0.1269933805531014,0.4281764599748689,0.03743963269312255,0.47876533734970717,0.9443814300176987,0.003068597730393427,0.000012010960979905164,0.00003996898617852679,0.003120577677551859,0.015251020281023526,33.28549618396282
"San Mateo",2020,LHD1,Aggregate,Aggregate,Diesel,3318.855745673467,110320.95159205417,110320.95159205417,0,41747.03016004416,0,0.2931356623556771,0.008470251446789338,0,0.30160591380246643,0.005558532197161986,0.00010172372011526098,0,0.005660255917277247,0.00036482409865497555,0.0033198992946718645,0.009344979310604087,0.0058098643574963325,0.00010632321534655037,0,0.005916187572842883,0.0014592963946199022,0.009485426556205328,0.016860910523668116,78.7410080649627,0.5022550712945195,0,79.24326313625721,0.0012183446251159502,0.000018651050291092578,0,0.0012369956754070429,0.012405677887055832,0.00007913049102037835,0,0.012484808378076211,0.026230242462539414,0.0004015461317193527,0,0.026631788594258767,0,0,0,0.026631788594258767,0.02986138713859224,0.0004571335743617403,0,0.030318520712953982,0,0,0,0.030318520712953982,0.07648533112195358,0.003328221555779636,0,0.07981355267773321,0.0007461110677953988,0.0000047591220478158316,0,0.0007508701898432147,0.01769979947907941,7.078769305290667
"San Mateo",2020,LHD2,Aggregate,Aggregate,Gasoline,1057.8099040089123,33453.70288109395,33453.70288109395,0,15759.791432975822,0,0.009104292336725026,0.000046478935497526576,0.012094586493838204,0.021245357766060756,0.00006031983687000254,0,0.0000057106075379357755,0.00006603044440793831,0.00007375279023294881,0.0011745131832385563,0.0013142964178794435,0.00006560332623087868,0,0.000006210806738338912,0.0000718141329692176,0.00029501116093179526,0.0033557519521101612,0.003722577246011174,38.24916440907401,0.16493581607723817,0.45818041516277946,38.87228064031403,0.00037692383209461916,0.0001407086103831774,0.0006341719989237276,0.001151804441401524,0.0005039104646109547,0.0000035270602438494694,0.0009037061825120182,0.0014111437073668224,0.001835181275011915,0.0005323205151549362,0.003242958031359668,0.005610459821526519,0.0030439499754320006,0.0008813789701713996,0.004614410601191805,0.014150199368321723,0.0026778922085614674,0.0007767608461357993,0.003550630846063621,0.007005283900760888,0.0030439499754320006,0.0008813789701710372,0.004614410601189909,0.015545023447553836,0.045415899094052116,0.004369803738741416,0.05579794204730741,0.10558364488010094,0.00037813193083580836,0.0000016305584595325208,0.000004529579867516075,0.000384292069162857,0.0016584947142399733,4.0990334237353325
"San Mateo",2020,LHD2,Aggregate,Aggregate,Diesel,1294.7515490288056,45726.000906237576,45726.000906237576,0,16286.345689333695,0,0.08386228175741663,0.00320500281455491,0,0.08706728457197153,0.0018434339646494968,0.00003891332242349094,0,0.0018823472870729877,0.0001512128641475227,0.0016053765728727607,0.003638936724093271,0.0019267858684138804,0.00004067281018817034,0,0.001967458678602051,0.0006048514565900908,0.004586790208207889,0.0071591003434000305,39.58643292835396,0.31044853358602537,0,39.896881461939984,0.0004187532460531732,0.000007276145185546781,0,0.00042602939123871994,0.006236858629007344,0.0000489112928932743,0,0.006285769921900618,0.009015510841117558,0.00015665112191993067,0,0.00917216196303749,0,0,0,0.00917216196303749,0.010263559700725821,0.00017833688743161506,0,0.010441896588157437,0,0,0,0.010441896588157437,0.023640614316491313,0.0012984053375849009,0,0.024939019654076213,0.00037510156992170453,0.000002941657626459229,0,0.00037804322754816374,0.008543211251991529,3.5639726166246324
"San Mateo",2020,MCY,Aggregate,Aggregate,Gasoline,10406.932436173396,53049.18647880254,53049.18647880254,0,20813.864872346792,0,0.03810472835725808,0,0.004012085401634454,0.042116813758892535,0.00010955645441559499,0,0.00009369269404912508,0.00020324914846472008,0.000058476718290921155,0.0002456022168218688,0.0005073280835775101,0.00011663159611002345,0,0.00009908733601265036,0.0002157189321226738,0.00023390687316368462,0.0007017206194910538,0.0011513464247774122,11.298570890673036,0,1.2650212616155572,12.563592152288592,0.01101862983432845,0,0.004903141716545799,0.01592177155087425,0.0024964572746018297,0,0.0002288771800011231,0.0027253344546029528,0.07629353005017446,0,0.037535748132531285,0.11382927818270575,0.044498691765328315,0.0818054317621198,0.08534579688038031,0.32547919859053415,0.08984125630375145,0,0.04078339879487299,0.13062465509862445,0.044498691765328315,0.08180543176208616,0.08534579688034521,0.3422745755063841,0.8754490441605606,0,0.19136445202905097,1.0668134961896116,0.00011169787608646178,0,0.000012506023062024358,0.00012420389914848614,0.0004996530732345803,1.3248150946152935
"San Mateo",2020,MDV,Aggregate,Aggregate,Gasoline,61130.957552281514,1952189.6941794218,1952189.6941794218,0,289054.3651759956,0,0.2689271972222509,0,0.16665689231561717,0.4355840895378681,0.003308972856447091,0,0.0008087486556238776,0.0041177215120709685,0.004303841561927996,0.006033605264930212,0.014455168338929177,0.003597401416172972,0,0.0008790111237718104,0.004476412539944782,0.017215366247711986,0.017238872185514897,0.038930650973171665,941.0973875674354,0,36.01970395953813,977.1170915269735,0.0101839216179583,0,0.03789298593122609,0.048076907549184394,0.018298857162827687,0,0.014288889313421281,0.03258774647624897,0.04702344131994651,0,0.19994359166152298,0.2469670329814695,0.09504258222032502,0.029940740309916506,0.07632958727144155,0.4482799427831526,0.06683305362533394,0,0.21889423307006767,0.2857272866954016,0.09504258222032502,0.02994074030990419,0.07632958727141019,0.487040196497041,2.3221747021153796,0,1.5575559729470463,3.879730675062426,0.009303705787125312,0,0.0003560914445263851,0.009659797231651697,0.07553963916334853,103.03577642208964
"San Mateo",2020,MDV,Aggregate,Aggregate,Diesel,930.53232337982,31736.512154827782,31736.512154827782,0,4507.830189963172,0,0.002144446864575297,0,0,0.002144446864575297,0.00020048885889137555,0,0,0.00020048885889137555,0.00006996703263511197,0.00009762495590543471,0.00036808084743192223,0.0002095540754343084,0,0,0.0002095540754343084,0.0002798681305404479,0.00027892844544409915,0.0007683506514188555,15.033687679700641,0,0,15.033687679700641,0.000020091026562807968,0,0,0.000020091026562807968,0.0023685636162429826,0,0,0.0023685636162429826,0.00043254797304467015,0,0,0.00043254797304467015,0,0,0,0.00043254797304467015,0.0004924271095681582,0,0,0.0004924271095681582,0,0,0,0.0004924271095681582,0.00685872928961811,0,0,0.00685872928961811,0.00014245183092334706,0,0,0.00014245183092334706,0.00010844886950287552,1.3429533651258687
"San Mateo",2020,MDV,Aggregate,Aggregate,Electricity,62.568783812735006,1938.9030816460793,0,1938.9030816460793,324.24952968382325,748.5766158952254,0,0,0,0,0,0,0,0,0.000004274549595369244,0.0000032511338234008487,0.000007525683418770092,0,0,0,0,0.000017098198381476974,0.000009288953781145283,0.000026387152162622258,0,0,0,0,0,0,0,0,0,0,0,0,0,0,0,0,0,0,0,0,0,0,0,0,0,0,0,0,0,0,0,0,0,0,0,0,0,0
"San Mateo",2020,MDV,Aggregate,Aggregate,"Plug-in Hybrid",291.1261752828602,11718.902573258969,6264.69669791267,5454.205875346299,1203.8067348366947,1647.332735720838,0.00004475140222771831,0,0.0001555194831104334,0.0002002708853381517,0.000012013764343737617,0,0.0000038358330197994985,0.000015849597363537115,0.000025835757716248556,0.000016847737146622758,0.00005853309222640843,0.000013066064870196388,0,0.000004171818393796536,0.000017237883263992922,0.00010334303086499423,0.0000481363918474936,0.00016871730597648076,1.875061017437443,0,0.1352895438071383,2.0103505612445813,0.000005936797434757705,0,0.000057196863574892733,0.00006313366100965044,0.00000799941350716028,0,0.000027790226049835588,0.00003578963955699587,0.000018933271167219128,0,0.00023438930648478253,0.00025332257765200164,0.0001241333032234422,0.00003935763646654928,0.00004006855246042477,0.0004568820698024179,0.00002762738484292153,0,0.00025662678750221186,0.0002842541723451334,0.0001241333032234422,0.00003935763646653309,0.00004006855246040828,0.00048781366449551696,0.002807246602365942,0,0.0018288154722934144,0.004636062074659357,0.000018536887116686174,0,0.000001337474875910037,0.00001987436199259621,0.00029003705011914016,0.2119889548085968
"San Mateo",2020,MH,Aggregate,Aggregate,Gasoline,725.8475863526334,5414.650062712846,5414.650062712846,0,72.61379253871746,0,0.004422304692446945,0,0.000031534136721967894,0.004453838829168912,0.000014243208175919144,0,0.00000004917198829798437,0.000014292380164217128,0.0000179058900276569,0.00009404232817053474,0.00012624059836240876,0.000015473468368221786,0,0.00000005329559378859335,0.00001552676396201038,0.0000716235601106276,0.0002686923662015279,0.00035584269027416583,11.65036897649955,0,0.002678055800737648,11.653047032300288,0.0001832256289032031,0,0.0000033659438520421184,0.00018659157275524523,0.0002309395132498114,0,0.0000029800317793488467,0.00023391954502916025,0.0009053422444182928,0,0.00001596780591108928,0.0009213100503293821,0.004395760842412482,0.0014357922326980047,0.00003098182643678279,0.006783844951876652,0.0012971326885905384,0,0.000017473117213998822,0.0013146058058045372,0.004395760842412482,0.0014357922326974136,0.00003098182643677004,0.007177140707351203,0.02540737437916634,0,0.00034384817344923995,0.02575122255261558,0.00011517575832292608,0,0.00000002647530806133706,0.00011520223363098741,0.0002643474718799889,1.2287992494122109
"San Mateo",2020,MH,Aggregate,Aggregate,Diesel,249.42832540739357,2398.5062270015287,2398.5062270015287,0,24.94283254073936,0,0.01025624394457822,0,0,0.01025624394457822,0.00022188135878363068,0,0,0.00022188135878363068,0.000010575602174108596,0.0000414427266609273,0.00027389968761866657,0.000231913849243879,0,0,0.000231913849243879,0.000042302408696434384,0.00011840779045979229,0.0003926240484001057,2.8637789909065012,0,0,2.8637789909065012,0.000013604654521855392,0,0,0.000013604654521855392,0.0004511895462602327,0,0,0.0004511895462602327,0.000292900201938666,0,0,0.000292900201938666,0,0,0,0.000292900201938666,0.0003334474065786271,0,0,0.0003334474065786271,0,0,0,0.0003334474065786271,0.0009630042322083969,0,0,0.0009630042322083969,0.000027135761318580874,0,0,0.000027135761318580874,0.0004285532796766489,0.2558202428275557
"San Mateo",2030,LDA,Aggregate,Aggregate,Gasoline,237797.81325633914,6358119.988720948,6358119.988720948,0,1114766.6785691332,0,0.1753186244099495,0,0.24384840001021207,0.41916702442016157,0.0058880432561419435,0,0.0018427757098562626,0.007730818965998206,0.014017255159563083,0.01645635777323816,0.03820443189879945,0.006403784271278466,0,0.002004186720938563,0.008407970992217028,0.05606902063825233,0.04701816506639475,0.1114951566968641,1754.8161443136792,0,76.76526650683999,1831.581410820519,0.008857340040419496,0,0.05990390592065221,0.06876124596107171,0.023318887142060193,0,0.03267800964497946,0.05599689678703965,0.031204264510977846,0,0.2700908669577754,0.30129513146875325,0.2883489406247168,0.07982531235617081,0.22468013986438332,0.8941495243140242,0.045533189524994556,0,0.2957155023860324,0.34124869191102697,0.2883489406247168,0.07982531235613796,0.22468013986429095,0.9341030847561727,3.4705980716343796,0,2.933466327626189,6.404064399260569,0.017348144127137134,0,0.0007589028124878595,0.018107046939624994,0.27935513625349967,193.1379712632413
"San Mateo",2030,LDA,Aggregate,Aggregate,Diesel,401.20923687023094,8094.891904924643,8094.891904924643,0,1723.6302685807725,0,0.0007283791795907016,0,0,0.0007283791795907016,0.00005009103823841606,0,0,0.00005009103823841606,0.0000178461818150174,0.00002157034400310264,0.0000895075640565361,0.000052355932711867054,0,0,0.000052355932711867054,0.0000713847272600696,0.00006162955429457897,0.00018537021426651563,1.942778696643956,0,0,1.942778696643956,0.000005101734365848016,0,0,0.000005101734365848016,0.00030608557483179435,0,0,0.00030608557483179435,0.00010983733718440096,0,0,0.00010983733718440096,0,0,0,0.00010983733718440096,0.00012504250590209586,0,0,0.00012504250590209586,0,0,0,0.00012504250590209586,0.0020373406403631994,0,0,0.0020373406403631994,0.000018408815475759318,0,0,0.000018408815475759318,0.00002766157388544386,0.1735476513773634
"San Mateo",2030,LDA,Aggregate,Aggregate,Electricity,25244.075587372055,809588.1364054497,0,809588.1364054497,122638.40297726907,312567.8395976359,0,0,0,0,0,0,0,0,0.0017848363198998437,0.0013682872224034736,0.0031531235423033176,0,0,0,0,0.007139345279599375,0.003909392064009925,0.0110487373436093,0,0,0,0,0,0,0,0,0,0,0,0,0,0,0,0,0,0,0,0,0,0,0,0,0,0,0,0,0,0,0,0,0,0,0,0,0,0
"San Mateo",2030,LDA,Aggregate,Aggregate,"Plug-in Hybrid",9770.49465491132,287561.11584642535,127243.39963792697,160317.71620849834,40400.99539947014,48420.72852805441,0.0009011050602191273,0,0.005219394226536662,0.00612049928675579,0.00011873079223168134,0,0.00006524065297316826,0.0001839714452048496,0.0006339637411591059,0.0004271597351333768,0.0012450949214973322,0.00012913056965343448,0,0.00007095516272264284,0.00020008573237607734,0.0025358549646364234,0.0012204563860953627,0.003956397083107863,37.840043950579485,0,2.74909595421765,40.589139904797136,0.00011156743383342598,0,0.001802029712459202,0.001913597146292628,0.00014245999024888446,0,0.0008236202306112951,0.0009660802208601796,0.0003787304066854203,0,0.007866346830383295,0.008245077237068715,0.005030607846116674,0.0017248055349927828,0.002046903198021773,0.017047393816199945,0.0005526425203971297,0,0.008612659624855941,0.00916530214525307,0.005030607846116674,0.001724805534992073,0.0020469031980209305,0.017967618724382746,0.05647343665015131,0,0.06137693314419713,0.11785036979434843,0.00037408735858684533,0,0.00002717761230294011,0.0004012649708897854,0.00577699946847603,4.280074088009285
"San Mateo",2030,LDT1,Aggregate,Aggregate,Gasoline,27717.908258637388,705667.7026866099,705667.7026866099,0,127669.43879022327,0,0.03709864724690137,0,0.033097157664343534,0.07019580491124491,0.0007601665924887501,0,0.0002319601423185089,0.000992126734807259,0.0015557309808509562,0.002195384530525019,0.004743242246183234,0.0008267505275972537,0,0.00025227781901794024,0.001079028346615194,0.006222923923403825,0.006272527230071484,0.013574479500090504,227.01538138445437,0,10.344182538336627,237.359563922791,0.001765625204631003,0,0.008098645421548296,0.009864270626179299,0.0035893806520518744,0,0.004065451403480287,0.007654832055532161,0.007214065658380356,0,0.03815871295188537,0.04537277861026572,0.04455699144210541,0.011992380751418511,0.03467426560595916,0.1365964164097488,0.010526747674287476,0,0.04177898756100954,0.05230573523529702,0.04455699144210541,0.01199238075141358,0.034674265605944894,0.1435293730347609,0.5257032946604258,0,0.4059845795154233,0.9316878741758491,0.00224427816446538,0,0.00010226277558134965,0.0023465409400467295,0.03100945142100997,25.02926944177627
"San Mateo",2030,LDT1,Aggregate,Aggregate,Diesel,0.204115166186637,6.131891349518885,6.131891349518885,0,1.004393568094999,0,0.00000017200715414744301,0,0,0.00000017200715414744301,0.00000002274180728373979,0,0,0.00000002274180728373979,0.00000001351850638386815,0.000000018127032198846815,0.000000054387345866454754,0.000000023770090893835286,0,0,0.000000023770090893835286,0.0000000540740255354726,0.00000005179152056813376,0.00000012963563699744166,0.0024380891427304165,0,0,0.0024380891427304165,0.0000000034538311679799632,0,0,0.0000000034538311679799632,0.0000003841219373225198,0,0,0.0000003841219373225198,0.00000007435895155869235,0,0,0.00000007435895155869235,0,0,0,0.00000007435895155869235,0.00000008465272263056964,0,0,0.00000008465272263056964,0,0,0,0.00000008465272263056964,0.0000006854182748902881,0,0,0.0000006854182748902881,0.00000002310213367045266,0,0,0.00000002310213367045266,0.00000002095367888965155,0.00021779353731870633
"San Mateo",2030,LDT1,Aggregate,Aggregate,Electricity,315.433159196705,10759.942584429575,0,10759.942584429575,1561.7897586300444,4154.225903979188,0,0,0,0,0,0,0,0,0.00002372161283142738,0.000018150703900816846,0.00004187231673224423,0,0,0,0,0.00009488645132570952,0.000051859154002333854,0.00014674560532804338,0,0,0,0,0,0,0,0,0,0,0,0,0,0,0,0,0,0,0,0,0,0,0,0,0,0,0,0,0,0,0,0,0,0,0,0,0,0
"San Mateo",2030,LDT1,Aggregate,Aggregate,"Plug-in Hybrid",248.86938782999172,7950.150270137294,3286.4763367188693,4663.673933418426,1029.0749187129775,1408.5685276337958,0.000023273980935236514,0,0.00013294592463121942,0.00015621990556645595,0.000002063187085578401,0,0.0000011140972070651781,0.0000031772842926435793,0.000017527081132641838,0.000011894134227822276,0.000032598499653107695,0.000002243904202563371,0,0.0000012116823638884057,0.0000034555865664517766,0.00007010832453056735,0.00003398324065092079,0.00010754715174793992,0.9773427099389904,0,0.07688036062065945,1.0542230705596498,0.0000028865713051014902,0,0.000045984236523970445,0.00004887080782907194,0.0000036923221250420813,0,0.000021056155275294226,0.000024748477400336308,0.000009781949579383508,0,0.0002003678410644047,0.0002101497906437882,0.00007328866324802265,0.000026082661917341964,0.000022621616213011877,0.00033214273202216473,0.000014273797863920637,0,0.00021937756522373726,0.0002336513630876579,0.00007328866324802265,0.00002608266191733123,0.000022621616213002566,0.00035564430446601437,0.001458610927812665,0,0.0015633640176856852,0.00302197494549835,0.00000966202769935174,0,0.0000007600406349778083,0.00001042206833432955,0.0001521541980325871,0.11116650556940381
"San Mateo",2030,LDT2,Aggregate,Aggregate,Gasoline,206077.47344670427,5643288.702561728,5643288.702561728,0,980667.9472120483,0,0.1930854541513919,0,0.23807508723837884,0.4311605413897707,0.0051420277225957935,0,0.00153183274317793,0.006673860465773724,0.01244132193529121,0.017216193996680715,0.03633137639774565,0.005592424311436301,0,0.001666007873967238,0.007258432185403538,0.04976528774116484,0.04918912570480206,0.10621284563137043,1898.9780334243371,0,82.21035786098686,1981.188391285324,0.00935083188122957,0,0.056780944826356074,0.06613177670758565,0.022725830040748275,0,0.03154521779684769,0.05427104783759597,0.0329448870427309,0,0.24831827893421415,0.28126316597694506,0.1738683625667267,0.0489017254263578,0.13368445172161963,0.6377177056916492,0.04807310183736152,0,0.27187725906387644,0.31995036090123796,0.1738683625667267,0.048901725426337694,0.1336844517215646,0.6764049006158669,3.3585882604763415,0,2.752084541224382,6.110672801700724,0.0187733311691165,0,0.0008127330840540656,0.019586064253170565,0.25440467472644057,208.91384042367758
"San Mateo",2030,LDT2,Aggregate,Aggregate,Diesel,779.5690286209843,21227.36441579825,21227.36441579825,0,3709.7079969939527,0,0.0006721021920823868,0,0,0.0006721021920823868,0.00008840192554295697,0,0,0.00008840192554295697,0.00004679832779329654,0.00006486628605317332,0.00020006653938942683,0.0000923990683382747,0,0,0.0000923990683382747,0.00018719331117318617,0.00018533224586620952,0.0004649246253776704,6.630212753335266,0,0,6.630212753335266,0.000012526375642932762,0,0,0.000012526375642932762,0.0010445927193701572,0,0,0.0010445927193701572,0.0002696854925261432,0,0,0.0002696854925261432,0,0,0,0.0002696854925261432,0.0003070190033312196,0,0,0.0003070190033312196,0,0,0,0.0003070190033312196,0.002695140931964116,0,0,0.002695140931964116,0.00006282463532877797,0,0,0.00006282463532877797,0.00007253738729032619,0.592274278826135
"San Mateo",2030,LDT2,Aggregate,Aggregate,Electricity,4330.718469140781,103349.09793759786,0,103349.09793759786,21553.590442641707,39901.28166915416,0,0,0,0,0,0,0,0,0.00022784575926089248,0.00017439773210181135,0.0004022434913627038,0,0,0,0,0.0009113830370435699,0.0004982792345766038,0.0014096622716201737,0,0,0,0,0,0,0,0,0,0,0,0,0,0,0,0,0,0,0,0,0,0,0,0,0,0,0,0,0,0,0,0,0,0,0,0,0,0
"San Mateo",2030,LDT2,Aggregate,Aggregate,"Plug-in Hybrid",3821.263222093761,114216.69163672028,48686.65749850186,65530.03413821843,15800.923423909875,19792.023417513057,0.00034478639805202784,0,0.002041317241747581,0.002386103639799609,0.000036698250253361294,0,0.000020538983892086038,0.00005723723414544733,0.0002518047021750394,0.0001704686969687418,0.00047951063328922856,0.000039912695531027975,0,0.000022338018977524235,0.00006225071450855221,0.0010072188087001577,0.0004870534199106908,0.0015565229431194006,14.478591933195975,0,1.2925921533002271,15.771184086496202,0.000042565383533972854,0,0.0007028712099902928,0.0007454365935242657,0.00005419074674173469,0,0.00032035512549135524,0.00037454587223308995,0.00014491217341748306,0,0.0030765465717815634,0.0032214587451990465,0.001278705184548272,0.00045412988773309943,0.00043509711922718467,0.005389390936707603,0.00021145550328147646,0,0.0033684312444028012,0.0035798867476842778,0.001278705184548272,0.0004541298877329125,0.0004350971192270057,0.005747818939192468,0.0216082160314249,0,0.024004661544022594,0.04561287757544749,0.00014313562160286927,0,0.000012778589395659498,0.00015591421099852876,0.0022535527022669315,1.6630516562845148
"San Mateo",2030,LHD1,Aggregate,Aggregate,Gasoline,13418.941671466951,401266.6566228744,401266.6566228744,0,199922.23668176713,0,0.021492226583813556,0.00042177681483492464,0.10188915348883663,0.12380315688748511,0.0005533658110443508,0,0.000032747396571403744,0.0005861132076157545,0.0008846415495041845,0.01207535713817725,0.013546111895297188,0.0006018358090920312,0,0.000035615781672548605,0.0006374515907645799,0.003538566198016738,0.03450102039479214,0.03867703818357345,346.00845193233613,1.6465093504580135,5.600895470492757,353.2558567532869,0.0010944862730499184,0.0013643002908342839,0.004936303787388131,0.007395090351272333,0.0013323993932327315,0.00003792898470368038,0.008939598051796494,0.010309926429732906,0.004734326020459575,0.004839877990906796,0.023228533682294588,0.03280273769366096,0.019433502783072366,0.004975386368899684,0.028525541054766398,0.08573716790039941,0.006908317415616722,0.007062338603118807,0.025432320555379938,0.03940297657411547,0.019433502783072366,0.004975386368897636,0.028525541054754654,0.09233740678084013,0.3007648210891483,0.05582144295384709,0.739428685293582,1.0960149493365774,0.0034206458111185364,0.000016277421205055125,0.00005537055387710707,0.0034922937862006988,0.019904429138521192,37.25038871169989
"San Mateo",2030,LHD1,Aggregate,Aggregate,Diesel,6950.28312962198,217964.54831707396,217964.54831707396,0,87425.81831446744,0,0.11651469771639938,0.009037134205492644,0,0.12555183192189204,0.004261938356440113,0.00020195632679380316,0,0.004463894683233917,0.0007207943616418432,0.006559228684838901,0.011743917729714662,0.004454644296846975,0.00021108789572349136,0,0.004665732192570466,0.0028831774465673727,0.018740653385254002,0.02628956302439184,146.68253701006387,0.9147277259607525,0,147.5972647360246,0.0011035313108782212,0.00003905866663740974,0,0.001142589977515631,0.023109893440806807,0.0001441157257380554,0,0.023254009166544864,0.023758379404829662,0.0008409100964066327,0,0.024599289501236295,0,0,0,0.024599289501236295,0.027047335388011906,0.0009573202372570957,0,0.028004655625269003,0,0,0,0.028004655625269003,0.05594233764855303,0.006969896826921422,0,0.06291223447547445,0.001389891582607448,0.000008667510070426951,0,0.001398559092677875,0.05033607709537701,13.184805191095002
"San Mateo",2030,LHD1,Aggregate,Aggregate,Electricity,1651.837261747274,70758.49130146948,0,70758.49130146948,23140.542970998136,46352.96301968208,0,0,0,0,0,0,0,0,0.00015599577076672624,0.0010646711344208218,0.001220666905187548,0,0,0,0,0.000623983083066905,0.003041917526916634,0.003665900609983539,0,0,0,0,0,0,0,0,0,0,0,0,0,0,0,0,0,0,0,0,0,0,0,0,0,0,0,0,0,0,0,0,0,0,0,0,0,0
"San Mateo",2030,LHD2,Aggregate,Aggregate,Gasoline,1516.4271040821493,44034.408194365744,44034.408194365744,0,22592.50437443895,0,0.0025968863308025174,0.00004424473584830534,0.011116818349371286,0.013757949416022108,0.0000576454230993819,0,0.0000031851550719747174,0.000060830578171356615,0.0000970792525459561,0.0015459870951869722,0.001703896925904285,0.00006269465723947376,0,0.0000034641467571111893,0.00006615880399658495,0.0003883170101838244,0.004417105986248492,0.004871581800428901,42.866765964605406,0.21528295483087312,0.6013372637174548,43.683386183153736,0.00010180451034571038,0.00014281857271758542,0.0005258890183303843,0.00077051210139368,0.00017841238170777866,0.0000039078167061643866,0.0009474777273068182,0.0011297979257207612,0.00041792038893509876,0.0005078838049570711,0.002478066443730317,0.0034038706376224867,0.00238809284051382,0.0005806901642737533,0.0033693080929054478,0.009741961735315509,0.000609828450500626,0.0007411028559782261,0.0027131708361995154,0.004064102142678367,0.00238809284051382,0.0005806901642735143,0.0033693080929040617,0.010402193240369763,0.030677543171377594,0.006313424049772979,0.0825968328244911,0.11958780004564167,0.00042378162329312363,0.0000021282911834519458,0.0000059448310603893716,0.0004318547455369649,0.0021842825539955552,4.606358491891123
"San Mateo",2030,LHD2,Aggregate,Aggregate,Diesel,3226.04377218466,98642.37484841264,98642.37484841264,0,40579.572291017634,0,0.04745416480830419,0.004113163454300009,0,0.0515673282626042,0.0020376405712902797,0.00009517838636030517,0,0.002132818957650585,0.0003262038168990044,0.003463197186189377,0.005922219960738967,0.0021297736360279054,0.00009948193064368385,0,0.0022292555666715893,0.0013048152675960176,0.009894849103398221,0.013428919937665828,77.60694804593683,0.6812897437122151,0,78.28823778964905,0.000529048656247585,0.000018129472699956874,0,0.0005471781289475418,0.01222700626922467,0.00010733747656971356,0,0.012334343745794384,0.011390106084749323,0.0003903168732677755,0,0.011780422958017098,0,0,0,0.011780422958017098,0.01296687851178202,0.0004443498101864476,0,0.013411228321968468,0,0,0,0.013411228321968468,0.025954251002710597,0.003235147666924245,0,0.029189398669634842,0.0007353652727829527,0.000006455566554847804,0,0.0007418208393378005,0.02308479268276962,6.993457269392799
"San Mateo",2030,LHD2,Aggregate,Aggregate,Electricity,416.7470809786989,17085.748459679573,0,17085.748459679573,5526.660475576407,11020.918844621596,0,0,0,0,0,0,0,0,0.00003766762760168166,0.0002999284844897161,0.0003375961120913978,0,0,0,0,0.00015067051040672664,0.0008569385271134746,0.0010076090375202014,0,0,0,0,0,0,0,0,0,0,0,0,0,0,0,0,0,0,0,0,0,0,0,0,0,0,0,0,0,0,0,0,0,0,0,0,0,0
"San Mateo",2030,MCY,Aggregate,Aggregate,Gasoline,17265.422138464564,85331.57087885308,85331.57087885308,0,34530.84427692913,0,0.04436297780206196,0,0.0033481229251201864,0.04771110072718215,0.0001815718444946316,0,0.00012948415718934902,0.00031105600168398063,0.00009406195575870584,0.00039506021418656456,0.0008001781716292511,0.00019464851224603512,0,0.0001385220956232861,0.0003331706078693212,0.00037624782303482336,0.0011287434691044703,0.001838161900008615,17.42551796739877,0,1.5103694398310432,18.93588740722981,0.012185643559819008,0,0.0054776526680601935,0.017663296227879204,0.0033019631788223963,0,0.0002125341743508845,0.0035144973531732807,0.07433389824101133,0,0.039016132752715656,0.11335003099372698,0.051283870403191954,0.13459153195823964,0.13971239063786395,0.43893782399302256,0.09191275612591185,0,0.04245964864624309,0.13437240477215495,0.051283870403191954,0.1345915319581843,0.13971239063780644,0.4599601977713376,0.913808425054559,0,0.2885764533079346,1.2023848783624935,0.00017226898565301455,0,0.000014931539587390867,0.00018720052524040542,0.0008540427561773466,1.9967656672509797
"San Mateo",2030,MDV,Aggregate,Aggregate,Gasoline,115764.20679354017,3248130.869724674,3248130.869724674,0,549832.123338588,0,0.11605494630801003,0,0.14429332845440018,0.2603482747624102,0.0029041310597943027,0,0.0008622009531499862,0.0037663320129442887,0.007160902794120357,0.009995623890608199,0.020922858697672846,0.003158507502987965,0,0.0009377222045207878,0.004096229707508753,0.02864361117648143,0.02855892540173771,0.06129876628572789,1320.38372682466,0,55.89476006416024,1376.2784868888202,0.00555133569819542,0,0.033825960258581006,0.03937729595677643,0.013405126928618902,0,0.018282068423293905,0.031687195351912806,0.01988327012504624,0,0.15271691361767792,0.17260018374272415,0.10620434738995038,0.02918655950193777,0.08176490743214779,0.3897559980667601,0.029013621092139036,0,0.16720579759683663,0.19621941868897566,0.10620434738995038,0.029186559501925755,0.08176490743211416,0.413375233012966,1.9519938160086205,0,1.580147701103217,3.5321415171118375,0.013053337393952142,0,0.0005525766084879765,0.013605914002440118,0.14646159477878265,145.12684682242485
"San Mateo",2030,MDV,Aggregate,Aggregate,Diesel,1415.876614633557,38111.742637251926,38111.742637251926,0,6658.5081544562345,0,0.0007403857353485786,0,0,0.0007403857353485786,0.00008629305520611123,0,0,0.00008629305520611123,0.00008402200997616412,0.0001192361863236435,0.0002895512515059188,0.0000901948442427703,0,0,0.0000901948442427703,0.00033608803990465647,0.0003406748180675529,0.0007669577022149797,15.639799823269643,0,0,15.639799823269643,0.000011645689735786999,0,0,0.000011645689735786999,0.002464056831294871,0,0,0.002464056831294871,0.0002507248434605503,0,0,0.0002507248434605503,0,0,0,0.0002507248434605503,0.00028543356495964295,0,0,0.00028543356495964295,0,0,0,0.00028543356495964295,0.0061804973861562034,0,0,0.0061804973861562034,0.000148195051511391,0,0,0.000148195051511391,0.00013023407813784506,1.3970971228113984
"San Mateo",2030,MDV,Aggregate,Aggregate,Electricity,4329.635446821778,102706.84508827249,0,102706.84508827249,21508.263643977767,39653.31906130225,0,0,0,0,0,0,0,0,0.0002264298341003229,0.00017343649359518015,0.000399866327695503,0,0,0,0,0.0009057193364012916,0.0004955328388433719,0.0014012521752446634,0,0,0,0,0,0,0,0,0,0,0,0,0,0,0,0,0,0,0,0,0,0,0,0,0,0,0,0,0,0,0,0,0,0,0,0,0,0
"San Mateo",2030,MDV,Aggregate,Aggregate,"Plug-in Hybrid",2286.8490469802223,70894.89153540914,30074.65783926116,40820.233696147974,9456.120809593667,12328.927214022677,0.00021298099893929073,0,0.0012216338204299214,0.001434614819369212,0.0000231856448685086,0,0.00001266888886512072,0.00003585453373362932,0.00015629648165247823,0.00010590901316359568,0.00029806002854970324,0.000025216504273049506,0,0.000013778572561335674,0.00003899507683438518,0.0006251859266099129,0.00030259718046741623,0.0009667781839117144,8.943696707841458,0,0.9405142543631315,9.88421096220459,0.00002640202357431373,0,0.0004223137649775854,0.00044871578855189915,0.00003375485365918074,0,0.00019326865151401992,0.00022702350517320066,0.00008951495658556115,0,0.0018411706251981166,0.0019306855817836778,0.0007929568706497779,0.00027940524209297277,0.0002738754634371668,0.0032769231579635955,0.00013062001452071045,0,0.002015850082387217,0.002146470096907927,0.0007929568706497779,0.0002794052420928578,0.00027387546343705417,0.003492707673087617,0.013347798699919755,0,0.014365678097661266,0.027713476797581023,0.00008841754734238455,0,0.000009297940921725387,0.00009771548826410994,0.0013923682922986696,1.042277695929921
"San Mateo",2030,MH,Aggregate,Aggregate,Gasoline,975.2694614452348,8905.398987949373,8905.398987949373,0,97.5659569229813,0,0.00143809232190187,0,0.000041847594565625345,0.0014799399164674952,0.000013711632367596,0,0.000000037593565382350185,0.00001374922593297835,0.000029449566100073392,0.00015467009768211807,0.0001978688897151698,0.000014912651261108063,0,0.00000004088643242313997,0.000014953537693531203,0.00011779826440029357,0.0004419145648060517,0.0005746663668998765,19.093470733005315,0,0.003279336916210994,19.096750069921526,0.00005240412291824876,0,0.0000035394266201663585,0.00005594354953841512,0.00013735793809231952,0,0.000004848096630565021,0.00014220603472288453,0.00017049305027518278,0,0.000013492387355908094,0.00018398543763109088,0.0017811259560967685,0.00046505960730500596,0.000011263626048776881,0.0024414346270816424,0.0002487830587432439,0,0.000014772465838184284,0.0002635555245814282,0.0017811259560967685,0.00046505960730481476,0.000011263626048772246,0.002521004714031784,0.002616963016915424,0,0.00030524784229973606,0.0029222108592151597,0.000188758396847893,0,0.000000032419584039170094,0.00018879081643193216,0.0004417433648679396,2.0137284340385957
"San Mateo",2030,MH,Aggregate,Aggregate,Diesel,518.1905692561728,4498.520980003069,4498.520980003069,0,51.81905692561728,0,0.013276412935685699,0,0,0.013276412935685699,0.0001496742301506782,0,0,0.0001496742301506782,0.000019835082236108476,0.00007772795136153513,0.00024723726374832177,0.00015644183466853224,0,0,0.00015644183466853224,0.0000793403289444339,0.00022207986103295752,0.00045786202464592366,5.391449692846162,0,0,5.391449692846162,0.000018772623953372953,0,0,0.000018772623953372953,0.0008494250947172868,0,0,0.0008494250947172868,0.0004041635410901779,0,0,0.0004041635410901779,0,0,0,0.0004041635410901779,0.0004601133209132264,0,0,0.0004601133209132264,0,0,0,0.0004601133209132264,0.0012087553734237574,0,0,0.0012087553734237574,0.00005108672578811658,0,0,0.00005108672578811658,0.0010242587078912037,0.48161606534443857
"San Mateo",2040,LDA,Aggregate,Aggregate,Gasoline,239013.44866363314,5833280.290367908,5833280.290367908,0,1122617.3346536795,0,0.12535536032767833,0,0.2048936589192719,0.3302490192469502,0.003239388774047374,0,0.0010921856261796822,0.004331574400227056,0.012860181687729686,0.015333424817468952,0.032525180905425694,0.0035231308564456845,0,0.0011878515204435957,0.00471098237688928,0.05144072675091874,0.04380978519276843,0.09996149432057645,1511.9057427286102,0,70.56057344541016,1582.4663161740204,0.005866142359845085,0,0.04138884782272794,0.04725499018257302,0.018802038125147927,0,0.02912159681394859,0.047923634939096516,0.01833218919226912,0,0.17222945760732186,0.19056164679959098,0.24349715663408047,0.050366354101202666,0.1856822745993515,0.6701074321342255,0.02675028743606459,0,0.1885695771785772,0.21531986461464178,0.24349715663408047,0.05036635410118194,0.1856822745992751,0.6948656499491793,2.767240834594276,0,2.1985651037432956,4.965805938337572,0.014946727505610276,0,0.0006975631047109909,0.015644290610321267,0.26872849486729977,166.86909579484433
"San Mateo",2040,LDA,Aggregate,Aggregate,Diesel,181.87711402584702,3702.308021543865,3702.308021543865,0,800.9300459393285,0,0.00010176950960246338,0,0,0.00010176950960246338,0.000006722678356625853,0,0,0.000006722678356625853,0.00000816219201734779,0.000009805458262291013,0.000024690328636264654,0.000007026648040469084,0,0,0.000007026648040469084,0.00003264876806939116,0.000028015595035117172,0.00006769101114497741,0.787565773529079,0,0,0.787565773529079,0.0000010140061112751273,0,0,0.0000010140061112751273,0.00012408130834712022,0,0,0.00012408130834712022,0.00002183095456649798,0,0,0.00002183095456649798,0,0,0,0.00002183095456649798,0.000024853090353481296,0,0,0.000024853090353481296,0,0,0,0.000024853090353481296,0.0005804062795864576,0,0,0.0005804062795864576,0.000007462585947110314,0,0,0.000007462585947110314,0.000012651394000987646,0.07035293857055142
"San Mateo",2040,LDA,Aggregate,Aggregate,Electricity,31852.52452852199,875819.3410390697,0,875819.3410390697,151743.204081617,338138.55094500654,0,0,0,0,0,0,0,0,0.0019308511319074172,0.001482157155213928,0.0034130082871213453,0,0,0,0,0.007723404527629669,0.004234734729182651,0.011958139256812321,0,0,0,0,0,0,0,0,0,0,0,0,0,0,0,0,0,0,0,0,0,0,0,0,0,0,0,0,0,0,0,0,0,0,0,0,0,0
"San Mateo",2040,LDA,Aggregate,Aggregate,"Plug-in Hybrid",11148.361816461207,281077.0165814882,115888.32707715273,165188.6895043354,46098.47611267803,49891.90764164901,0.0008290863713727396,0,0.0059554502975885945,0.006784536668961334,0.00006528932212839529,0,0.00004638519312781948,0.00011167451525621477,0.0006196687492373124,0.0004242819448201996,0.0011556252093137267,0.00007100809486956858,0,0.000050448129752154044,0.00012145622462172263,0.0024786749969492494,0.0012122341280577133,0.0038123653496286852,34.72803019533333,0,2.989754448168103,37.71778464350143,0.00010102198324211101,0,0.0019926317764762795,0.0020936537597183906,0.00012420688533494893,0,0.0008816617704077851,0.001005868655742734,0.0003521432639310067,0,0.008975684828280756,0.009327828092211762,0.009190092702192381,0.001970889632402601,0.00396184255753694,0.024450652984343686,0.0005138466241010031,0,0.009827245097734772,0.010341091721835775,0.009190092702192381,0.00197088963240179,0.00396184255753531,0.025463916613965257,0.05205872635653783,0,0.07003250930927099,0.12209123566580882,0.0003433219343419262,0,0.00002955676652488003,0.00037287870086680626,0.005355421250633598,3.9772932633806652
"San Mateo",2040,LDT1,Aggregate,Aggregate,Gasoline,31069.933098235306,705649.2250164552,705649.2250164552,0,142822.63201653413,0,0.01834644772943365,0,0.02917278150901161,0.04751922923844526,0.0004303222475576465,0,0.00015019649483408954,0.000580518742391736,0.0015556902445613347,0.0022502700157603426,0.004386479002713413,0.0004680147071977323,0,0.00016335239219181997,0.0006313670993895522,0.006222760978245339,0.006429342902172407,0.013283470979807298,212.17088624440586,0,10.436453340463789,222.60733958486966,0.0008541940020078597,0,0.005689100355995943,0.006543294358003803,0.0024950275359639468,0,0.004017789203190458,0.0065128167391544055,0.0028362261494634415,0,0.023859226434545747,0.02669545258400919,0.03958706824370757,0.00774951219113118,0.030162101410550354,0.1041941344293983,0.004138614539491272,0,0.02612284973240812,0.030261464271899394,0.03958706824370757,0.00774951219112799,0.03016210141053793,0.10776014611727289,0.376441074991271,0,0.2961375430429172,0.6725786180341882,0.002097525217144583,0,0.0001031749663992969,0.00220070018354388,0.032274742033236006,23.473665817818368
"San Mateo",2040,LDT1,Aggregate,Aggregate,Diesel,0.33808376987874494,8.083870973660133,8.083870973660133,0,1.5936419590136754,0,0.00000023704932321890706,0,0,0.00000023704932321890706,0.00000003389408497008842,0,0,0.00000003389408497008842,0.00000001782188482063782,0.000000025463295099947187,0.00000007717926489067342,0.00000003542662508966129,0,0,0.00000003542662508966129,0.00000007128753928255128,0.00000007275227171413482,0.00000017946643608634738,0.003145452550818482,0,0,0.003145452550818482,0.000000004947114509903657,0,0,0.000000004947114509903657,0.0000004955673303328656,0,0,0.0000004955673303328656,0.0000001065084627203654,0,0,0.0000001065084627203654,0,0,0,0.0000001065084627203654,0.00000012125280364340324,0,0,0.00000012125280364340324,0,0,0,0.00000012125280364340324,0.0000010985873091631588,0,0,0.0000010985873091631588,0.00000002980476144596397,0,0,0.00000002980476144596397,0.000000027623913554949003,0.0002809820303550128
"San Mateo",2040,LDT1,Aggregate,Aggregate,Electricity,797.5262436192194,22339.254576683106,0,22339.254576683106,3827.563175917388,8624.796025615819,0,0,0,0,0,0,0,0,0.000049249625994994274,0.00003782849708915093,0.00008707812308414521,0,0,0,0,0.0001969985039799771,0.00010808142025471694,0.000305079924234694,0,0,0,0,0,0,0,0,0,0,0,0,0,0,0,0,0,0,0,0,0,0,0,0,0,0,0,0,0,0,0,0,0,0,0,0,0,0
"San Mateo",2040,LDT1,Aggregate,Aggregate,"Plug-in Hybrid",616.3906411740295,15546.839422661507,6339.360610416443,9207.478812245066,2548.7753013436813,2780.933028110949,0.000045352949842949576,0,0.00032927562702444996,0.00037462857686739956,0.0000031939550594660413,0,0.0000021914317806695105,0.000005385386840135552,0.000034274913889449926,0.000023512476506390597,0.00006317277723597607,0.0000034737175464265702,0,0.0000023833820096332628,0.000005857099556059833,0.0001370996555577997,0.00006717850430397315,0.00021013525941783267,1.8997038981422318,0,0.18799121642590674,2.0876951145681386,0.000005514238888840131,0,0.00011010036040387855,0.00011561459929271869,0.000006763799604503875,0,0.000048675450107467734,0.00005543924971197161,0.00001926305429451499,0,0.0004962637755540804,0.0005155268298485954,0.00029376305726291197,0.00007996514405131138,0.000104902696661934,0.0009941577278247528,0.000028108603608133094,0,0.0005433463684164733,0.0005714549720246064,0.00029376305726291197,0.00007996514405127849,0.0001049026966618908,0.0010500858700006877,0.0028477332240146483,0,0.0038720830940765292,0.0067198163180911775,0.00001878050708084016,0,0.0000018584845641866238,0.000020638991645026783,0.0002934937698898137,0.22014484131679263
"San Mateo",2040,LDT2,Aggregate,Aggregate,Gasoline,259398.74860291806,6086990.771883111,6086990.771883111,0,1210621.464444306,0,0.16056658328941484,0,0.27835828103785154,0.4389248643272664,0.0034719227296421615,0,0.0011721281484772036,0.004644050878119365,0.01341951755467825,0.019254660807891233,0.03731822924068885,0.003776032749756803,0,0.0012747963074679074,0.005050829057224711,0.053678070218713,0.05501331659397495,0.11374221586991266,1944.9720272543134,0,94.80920382328677,2039.7812310776,0.008371263209606761,0,0.05535558661997868,0.06372684982958544,0.021574621373041603,0,0.037846852925531374,0.059421474298572974,0.027414371587279007,0,0.2327059901899863,0.26012036177726533,0.24627434221061778,0.05053539872623917,0.19270179373514812,0.7496318964492703,0.04000298666719269,0,0.25478376804214214,0.29478675470933485,0.24627434221061778,0.05053539872621838,0.192701793735069,0.78429828938124,3.4814260755392614,0,2.94640172407557,6.427827799614832,0.019228028623622283,0,0.0009372855030056601,0.020165314126627944,0.28044904177113045,215.09238216972142
"San Mateo",2040,LDT2,Aggregate,Aggregate,Diesel,984.5962604680211,23202.239029907512,23202.239029907512,0,4604.908273017991,0,0.0006960321624980563,0,0,0.0006960321624980563,0.00009838318753672017,0,0,0.00009838318753672017,0.00005115218104287669,0.00007331755452211898,0.00022285292310171583,0.00010283163870820174,0,0,0.00010283163870820174,0.00020460872417150675,0.00020947872720605427,0.0005169190900857628,6.874980420864433,0,0,6.874980420864433,0.000014266072682711797,0,0,0.000014266072682711797,0.0010831559650683535,0,0,0.0010831559650683535,0.0003071401455233797,0,0,0.0003071401455233797,0,0,0,0.0003071401455233797,0.00034965863561404814,0,0,0.00034965863561404814,0,0,0,0.00034965863561404814,0.0031917355487536907,0,0,0.0031917355487536907,0.00006514393337016587,0,0,0.00006514393337016587,0.00007928585789305739,0.6141392776065839
"San Mateo",2040,LDT2,Aggregate,Aggregate,Electricity,9370.138323262809,179284.54025489293,0,179284.54025489293,44790.57574506733,69218.6296967457,0,0,0,0,0,0,0,0,0.0003952547531936937,0.00030373085102395166,0.0006989856042176454,0,0,0,0,0.0015810190127747749,0.0008678024314970047,0.0024488214442717794,0,0,0,0,0,0,0,0,0,0,0,0,0,0,0,0,0,0,0,0,0,0,0,0,0,0,0,0,0,0,0,0,0,0,0,0,0,0
"San Mateo",2040,LDT2,Aggregate,Aggregate,"Plug-in Hybrid",6690.422371080291,161727.57359778808,66299.747783732,95427.82581405608,27664.896505383764,28822.047600500508,0.00047432056963206545,0,0.00357402087919418,0.004048341448826246,0.00003529249294950531,0,0.000025465286228409905,0.00006075777917791522,0.0003565482673303964,0.00024460735478339644,0.0006619134012917081,0.00003838380620055687,0,0.000027695822248416617,0.00006607962844897349,0.0014261930693215857,0.0006988781565239898,0.002191150854294549,19.867916821713763,0,2.2026191615454422,22.070535983259205,0.00005740976754760246,0,0.0011890726004339118,0.0012464823679815143,0.00007008538009007059,0,0.0005229121116733833,0.0005929974917634538,0.0002014612702694605,0,0.005386542306352719,0.005588003576622179,0.004081437249663941,0.0009802844018894673,0.0015848814245517393,0.012234606652727327,0.0002939718126635647,0,0.00589758580950364,0.006191557622167204,0.004081437249663941,0.0009802844018890642,0.0015848814245510877,0.0128381606982713,0.029782813458709728,0,0.042028333373052014,0.07181114683176174,0.000196414584881692,0,0.000021775132851099334,0.00021818971773279134,0.0030694015488804353,2.3273104429409157
"San Mateo",2040,LHD1,Aggregate,Aggregate,Gasoline,12781.20227048001,306741.8126962857,306741.8126962857,0,190420.86983876917,0,0.006398728123671256,0.00035059363534407966,0.08400972290605632,0.09075904466507166,0.0003988480230237187,0,0.000021852765684671683,0.0004207007887083904,0.0006762499400402354,0.009230811671951849,0.010327762400700474,0.0004337836162812708,0,0.000023766876547562635,0.00045755049282883344,0.0027049997601609416,0.026373747634148133,0.029536297887137908,254.57519641811254,1.51762547317011,5.043875492599211,261.1366973838819,0.00038574465050706465,0.0011344978631838225,0.004021993345565147,0.005542235859256035,0.0005104200473933483,0.00003145045920509886,0.007405823986864098,0.007947694493462545,0.001358326246109282,0.004026687667221925,0.01864476926986368,0.024029783183194885,0.023542394184476907,0.003927639383565538,0.03240071553069867,0.083900532281936,0.0019820664697643977,0.00587573319169472,0.02041367549229777,0.02827147515375689,0.023542394184476907,0.003927639383563923,0.03240071553068534,0.08814222425248305,0.20033333184579552,0.05327557548879993,0.6942830408897025,0.947891948224298,0.0025167349941283726,0.000015003272864159114,0.00004986384430556314,0.002581602111298095,0.015215619274274662,27.536538456410558
"San Mateo",2040,LHD1,Aggregate,Aggregate,Diesel,7547.060437616848,184763.5577522949,184763.5577522949,0,94932.52610318945,0,0.05245007839051278,0.0076234807848565055,0,0.06007355917536929,0.003515184371844701,0.00021931484403780283,0,0.0037344992158825038,0.0006110008792393557,0.005560107995905719,0.009905608091027578,0.0036741254107398877,0.00022923128808998537,0,0.003903356698829873,0.0024440035169574228,0.015886022845444915,0.02223338306123221,122.63337503948605,0.9570617305353046,0,123.59043677002136,0.0008241164588353893,0.00004241238985918735,0,0.0008665288486945767,0.01932093817858207,0.00015078546539884,0,0.01947172364398091,0.017742742149467246,0.0009131137828234406,0,0.018655855932290688,0,0,0,0.018655855932290688,0.020198932319521,0.0010395193338153927,0,0.02123845165333639,0,0,0,0.02123845165333639,0.04454276603452753,0.00756835824033414,0,0.05211112427486167,0.0011620135510911546,0.000009068646278019258,0,0.001171082197369174,0.044315768288590816,11.040284758728014
"San Mateo",2040,LHD1,Aggregate,Aggregate,Electricity,9267.246303316299,293604.04614438623,0,293604.04614438623,129929.95825486806,192386.1392898268,0,0,0,0,0,0,0,0,0.0006472861226423439,0.004417727782624376,0.005065013905266719,0,0,0,0,0.0025891444905693757,0.01262207937892679,0.015211223869496165,0,0,0,0,0,0,0,0,0,0,0,0,0,0,0,0,0,0,0,0,0,0,0,0,0,0,0,0,0,0,0,0,0,0,0,0,0,0
"San Mateo",2040,LHD2,Aggregate,Aggregate,Gasoline,1438.8454581970211,34024.854744962206,34024.854744962206,0,21436.653447402907,0,0.0008395790986839058,0.000034232354150140746,0.008282823645860964,0.00915663509869501,0.00004341512695174171,0,0.000002200405836424583,0.0000456155327881663,0.000075011964553853,0.0011945655342781075,0.0013151930316201267,0.00004721791179423004,0,0.000002393142114067612,0.000049611053908297656,0.000300047858215412,0.003413044383651736,0.0037627032957754454,31.78659257846693,0.1967236025571464,0.5506943456262703,32.53401052665035,0.000039570370770903985,0.00011242637454480087,0.0003918720111860622,0.000543868756501767,0.0000744615589295419,0.0000031400168904230833,0.0007446589745624734,0.0008222605503824384,0.0001361895356565232,0.00039317028143155854,0.001779734990987582,0.002309094808075664,0.002582462568289007,0.0004326226996959571,0.003575553940515552,0.00889973401657618,0.00019872745073635291,0.000573713151730286,0.0019485857959653699,0.002721026398432009,0.002582462568289007,0.00043262269969577904,0.0035755539405140802,0.009311665606930876,0.022337078738332693,0.005997504632403683,0.07880934712001054,0.10714393049074691,0.0003142428288847908,0.0000019448130913485436,0.000005444174256591681,0.00032163181623273105,0.0016877687169908001,3.430670759733936
"San Mateo",2040,LHD2,Aggregate,Aggregate,Diesel,3572.861889843578,84901.54643798507,84901.54643798507,0,44942.10791397478,0,0.028878678255297906,0.003674636546601105,0,0.03255331480189901,0.0018781059804250334,0.0001038030309948111,0,0.0019819090114198447,0.00028076380512187646,0.002980775728270986,0.005243448544812707,0.0019630255988879945,0.0001084965434372684,0,0.002071522142325263,0.0011230552204875058,0.008516502080774244,0.011711079443587012,65.58947284521908,0.7329642710379293,0,66.322437116257,0.00043907541165709375,0.000020078494486381607,0,0.00045915390614347537,0.010333648157365236,0.00011547881939377024,0,0.010449126976759007,0.009453035101631271,0.00043227816481763336,0,0.009885313266448904,0,0,0,0.009885313266448904,0.010761651982731412,0.0004921199508397466,0,0.011253771933571159,0,0,0,0.011253771933571159,0.02389326492924106,0.0035829445052267457,0,0.027476209434467807,0.000621493587944795,0.0000069452089623847055,0,0.0006284387969071797,0.020326124705846868,5.92455703525695
"San Mateo",2040,LHD2,Aggregate,Aggregate,Electricity,2302.7261314324874,70466.44369433749,0,70466.44369433749,30491.928417883046,45438.51561101702,0,0,0,0,0,0,0,0,0.00015535191599917757,0.0012369896299537892,0.0013923415459529667,0,0,0,0,0.0006214076639967103,0.0035342560855822548,0.004155663749578965,0,0,0,0,0,0,0,0,0,0,0,0,0,0,0,0,0,0,0,0,0,0,0,0,0,0,0,0,0,0,0,0,0,0,0,0,0,0
"San Mateo",2040,MCY,Aggregate,Aggregate,Gasoline,22311.15718293167,92748.6060547445,92748.6060547445,0,44622.31436586334,0,0.046814931498945986,0,0.003118924616604634,0.04993385611555062,0.00020445297604662925,0,0.00017117618091546402,0.00037562915696209327,0.00010223783752661501,0.00042939891761178294,0.0009072659121004913,0.00021929922187778538,0,0.00018351464509908105,0.0004028138669768664,0.00040895135010646005,0.0012268540503193803,0.002038619267402707,18.949635723065857,0,1.7651195574579603,20.714755280523818,0.01281157058526745,0,0.0062652161746512966,0.019076786759918748,0.0035458104310067576,0,0.00021196232460302618,0.003757772755609784,0.07647328232361567,0,0.0435407089712819,0.12001399129489757,0.05916187674231127,0.17359067638925485,0.180259400127043,0.5330259445535067,0.09567357025826778,0,0.047420860543359616,0.1430944308016274,0.05916187674231127,0.1735906763891834,0.18025940012696887,0.5561063840600909,0.9568555801801966,0,0.3761129639713453,1.3329685441515418,0.00018733644133930952,0,0.000017450003855751795,0.0002047864451950613,0.0009372306234685443,2.184345061846084
"San Mateo",2040,MDV,Aggregate,Aggregate,Gasoline,149034.9975073044,3533747.2301009856,3533747.2301009856,0,692678.3290634558,0,0.09687804820694865,0,0.17018881378369569,0.26706686199064433,0.0020329653888532043,0,0.0006926010433279106,0.002725566432181115,0.007790579083376086,0.011316781301385912,0.021832926816943113,0.0022110353499206373,0,0.0007532668281449539,0.002964302178065591,0.031162316333504345,0.03233366086110261,0.06646027937267254,1368.2595181981515,0,65.99007724370308,1434.2495954418546,0.004993460662893448,0,0.03306920485361544,0.03806266551650889,0.01280154579613503,0,0.02246851796079186,0.03527006375692689,0.016443579843740504,0,0.14161161181373694,0.15805519165747745,0.1548069410609787,0.03094662852168002,0.12067221025450053,0.4644809714946367,0.02399443310804553,0,0.15504688997033664,0.17904132307838216,0.1548069410609787,0.03094662852166729,0.1206722102544509,0.48546710291547907,2.0642377187800416,0,1.724178245046302,3.7884159638263437,0.013526638332993203,0,0.0006523790966331773,0.01417901742962638,0.16293543340682953,151.23982778612566
"San Mateo",2040,MDV,Aggregate,Aggregate,Diesel,1638.0226370399762,38378.083383323516,38378.083383323516,0,7583.676535793813,0,0.0004064044942126436,0,0,0.0004064044942126436,0.00004010178313774988,0,0,0.00004010178313774988,0.00008460919081007364,0.00012319178675605102,0.00024790276070387455,0.00004191500782221176,0,0,0.00004191500782221176,0.00033843676324029454,0.00035197653358871726,0.0007323283046512235,14.809929556827242,0,0,14.809929556827242,0.000008516617870887263,0,0,0.000008516617870887263,0.0023333104328612125,0,0,0.0023333104328612125,0.00018335776849092163,0,0,0.00018335776849092163,0,0,0,0.00018335776849092163,0.00020874062897418218,0,0,0.00020874062897418218,0,0,0,0.00020874062897418218,0.005749458531260425,0,0,0.005749458531260425,0.00014033160899467651,0,0,0.00014033160899467651,0.0001311442081695607,1.3229651406469993
"San Mateo",2040,MDV,Aggregate,Aggregate,Electricity,8665.03287977142,163991.42315803154,0,163991.42315803154,41266.967201216554,63314.22428771475,0,0,0,0,0,0,0,0,0.0003615392012833709,0.00027815485061972095,0.0006396940519030919,0,0,0,0,0.0014461568051334836,0.0007947281446277741,0.0022408849497612578,0,0,0,0,0,0,0,0,0,0,0,0,0,0,0,0,0,0,0,0,0,0,0,0,0,0,0,0,0,0,0,0,0,0,0,0,0,0
"San Mateo",2040,MDV,Aggregate,Aggregate,"Plug-in Hybrid",4160.719296683422,102722.06959532862,42086.50749552685,60635.56209980174,17204.574292387173,18313.746983284735,0.0003010946025649994,0,0.002222654537192032,0.002523749139757031,0.00002254336543200321,0,0.000016110058520264596,0.00003865342395226781,0.00022646339839298577,0.00015549832891012384,0.0004206151512553774,0.000024517966783711524,0,0.000017521158536638143,0.00004203912532034967,0.0009058535935719431,0.0004442809397432109,0.0013921736586355038,12.61198206914947,0,1.6668997920654762,14.278881861214945,0.00003655903608111197,0,0.0007410893781377,0.000777648414218812,0.00004478372879650099,0,0.00032668722611174433,0.0003714709549082453,0.0001278858750550852,0,0.0033498468816139286,0.0034777327566690138,0.0026658682062447522,0.0006260584658916305,0.0010572890250413521,0.007826948453846749,0.0001866107686788895,0,0.0036676606827568616,0.003854271451435751,0.0026658682062447522,0.000626058465891373,0.0010572890250409171,0.008203487148612793,0.018905872854246754,0,0.02613707894266559,0.04504295179691234,0.00012468228274139013,0,0.0000164790014794152,0.0001411612842208053,0.0019484816380475076,1.5056902512168993
"San Mateo",2040,MH,Aggregate,Aggregate,Gasoline,1291.6292622995381,10018.485538944184,10018.485538944184,0,129.21459140044584,0,0.0011499058342633508,0,0.00005291205901252262,0.0012028178932758733,0.000015141564332457182,0,0.00000004955850736639653,0.000015191122839823578,0.00003313046978591404,0.00017400232589603475,0.00022232391852177236,0.000016467832741139564,0,0.000000053899398522577254,0.000016521732139662142,0.00013252187914365615,0.0004971495025600993,0.0006461931138434176,21.477825632936533,0,0.0042867187283844475,21.482112351664917,0.00004499740818929963,0,0.000004570049973822331,0.000049567458163121965,0.00013654431480951063,0,0.0000062517552202422,0.00014279607002975282,0.0001289988315144317,0,0.00001674127430908159,0.0001457401058235133,0.001645585633642086,0.0003058151703107202,0.000009847774517541355,0.0021069886842938605,0.0001882347921317949,0,0.00001832958810734759,0.00020656438023914248,0.001645585633642086,0.0003058151703105943,0.000009847774517537307,0.00216781295870936,0.001766431437087407,0,0.00037112150646673116,0.002137552943554138,0.0002123301724941845,0,0.00000004237857884627379,0.00021237255107303077,0.0004969569043276601,2.265261906207538
"San Mateo",2040,MH,Aggregate,Aggregate,Diesel,753.5350063925987,5325.356614481667,5325.356614481667,0,75.35350063925988,0,0.014384150175800834,0,0,0.014384150175800834,0.00011080936272168083,0,0,0.00011080936272168083,0.000023480803325002167,0.00009201447803695205,0.00022630464408363504,0.00011581967039469059,0,0,0.00011581967039469059,0.00009392321330000867,0.0002628985086770059,0.00047264139237170516,6.388672489104139,0,0,6.388672489104139,0.000021455640591915935,0,0,0.000021455640591915935,0.001006537952375892,0,0,0.001006537952375892,0.0004619273096571482,0,0,0.0004619273096571482,0,0,0,0.0004619273096571482,0.000525873531030451,0,0,0.000525873531030451,0,0,0,0.000525873531030451,0.001329080541545776,0,0,0.001329080541545776,0.000060535918573813546,0,0,0.000060535918573813546,0.0012686514578904102,0.5706975827038272
"San Mateo",2050,LDA,Aggregate,Aggregate,Gasoline,243756.93051113427,5729795.580766812,5729795.580766812,0,1146037.6263786585,0,0.11852403237987871,0,0.1965029734498612,0.3150270058297399,0.0027537648023078128,0,0.0009073209665981604,0.0036610857689059733,0.01263203695592766,0.015063839491325271,0.0313569622161589,0.002994970478422366,0,0.0009867943359352259,0.003981764814357592,0.05052814782371064,0.0430395414037865,0.09754945404185472,1469.2928430114773,0,70.45818506033409,1539.7510280718113,0.005458583014639,0,0.03749842577788908,0.04295700879252808,0.018069621865249103,0,0.028764928247733357,0.04683455011298246,0.016659056487540028,0,0.14855675667807852,0.16521581316561856,0.21819757285111152,0.04200846317072881,0.16931917562092577,0.5947410248083846,0.02430885612086423,0,0.16265094939609873,0.18695980551696295,0.21819757285111152,0.042008463170711524,0.16931917562085613,0.6164850171596421,2.6688834382634727,0,2.067375465198145,4.736258903461618,0.014525455608629185,0,0.0006965508912851001,0.015222006499914285,0.26509678213092464,162.36482203597836
"San Mateo",2050,LDA,Aggregate,Aggregate,Diesel,151.720507431751,3303.9498085910086,3303.9498085910086,0,691.5689489443874,0,0.000028569483983281915,0,0,0.000028569483983281915,0.000002560248620001485,0,0,0.000002560248620001485,0.00000728396248947267,0.000008695486039448606,0.00001853969714892276,0.000002676011701662961,0,0,0.000002676011701662961,0.00002913584995789068,0.00002484424582699602,0.00005665610748654966,0.6810011204050724,0,0,0.6810011204050724,0.0000006144834016746495,0,0,0.0000006144834016746495,0.00010729200385013453,0,0,0.00010729200385013453,0.000013229465852979076,0,0,0.000013229465852979076,0,0,0,0.000013229465852979076,0.000015060867318965247,0,0,0.000015060867318965247,0,0,0,0.000015060867318965247,0.0004304846002944327,0,0,0.0004304846002944327,0.0000064528317023335305,0,0,0.0000064528317023335305,0.000011290138622918288,0.060833560320490185
"San Mateo",2050,LDA,Aggregate,Aggregate,Electricity,34131.26948050759,882267.2484026295,0,882267.2484026295,161242.79482812696,340627.975362096,0,0,0,0,0,0,0,0,0.0019450663343447072,0.0014936456828830566,0.0034387120172277635,0,0,0,0,0.007780265337378829,0.00426755909395159,0.012047824431330418,0,0,0,0,0,0,0,0,0,0,0,0,0,0,0,0,0,0,0,0,0,0,0,0,0,0,0,0,0,0,0,0,0,0,0,0,0,0
"San Mateo",2050,LDA,Aggregate,Aggregate,"Plug-in Hybrid",11525.352944020562,275655.7291872094,112240.6541139603,163415.07507324909,47657.334425190435,49356.22322128599,0.0008029902492068349,0,0.00615683880289316,0.006959829052099995,0.000054077060315151213,0,0.00003945476513656588,0.0000935318254517171,0.0006077168564083416,0.0004168340462087242,0.0011180827280687828,0.00005881373713107688,0,0.00004291065697334537,0.00010172439410442225,0.0024308674256333664,0.0011909544177392123,0.003723546237477001,33.635323685979166,0,3.051488278604273,36.68681196458344,0.00009718598402433052,0,0.0020389983367030276,0.002136184320727358,0.00011866802084692398,0,0.0008927908223058227,0.0010114588431527466,0.0003410592876979533,0,0.009279205076343987,0.00962026436404194,0.010095155354640886,0.0019559321206532435,0.003947826832469199,0.02561917867180527,0.0004976729120004471,0,0.010159561564601398,0.010657234476601845,0.010095155354640886,0.001955932120652439,0.003947826832467575,0.026656148784362746,0.050422070765011484,0,0.07240071686164248,0.12282278762665397,0.0003325194180359509,0,0.00003016706828862736,0.00036268648632457824,0.00519508317503572,3.868578482559184
"San Mateo",2050,LDT1,Aggregate,Aggregate,Gasoline,32735.15428463545,706701.3546996703,706701.3546996703,0,149786.69871523776,0,0.016017194411755857,0,0.02880400556948214,0.044821199981238,0.0003531837627756215,0,0.00012276523745942126,0.00047594900023504276,0.0015580097934620688,0.002261717628617107,0.004295676422314218,0.00038411956681436214,0,0.00013351839694491805,0.0005176379637592802,0.006232039173848275,0.00646205036747745,0.013211727505085005,208.60908733660906,0,10.63408719897961,219.24317453558868,0.0007312357466658409,0,0.00511049637787355,0.0058417321245393915,0.0023328253992830304,0,0.0040699309442292515,0.006402756343512282,0.002269819447886227,0,0.020490240423503652,0.02276005987138988,0.04100504886248378,0.006812815089920473,0.031803129935601276,0.10238105375939541,0.0033121152101425817,0,0.02243423411201182,0.025746349322154402,0.04100504886248378,0.006812815089917673,0.03180312993558818,0.10536734321014404,0.3588396784967069,0,0.2818956328753641,0.6407353113720711,0.002062313208750105,0,0.00010512877829750897,0.0021674419870476138,0.032623633781981395,23.11891881679822
"San Mateo",2050,LDT1,Aggregate,Aggregate,Diesel,0.39163613929325464,8.564892975671423,8.564892975671423,0,1.806196531136225,0,0.0000002533233404743416,0,0,0.0000002533233404743416,0.00000003707260542345327,0,0,0.00000003707260542345327,0.000000018882356807878897,0.000000027345084492619716,0.00000008330004672395188,0.000000038748864133451683,0,0,0.000000038748864133451683,0.00000007552942723151559,0.00000007812881283605632,0.00000019240710420102357,0.0033111135402526214,0,0,0.0033111135402526214,0.000000005304259020946463,0,0,0.000000005304259020946463,0.0000005216672866818543,0,0,0.0000005216672866818543,0.00000011419757376965192,0,0,0.00000011419757376965192,0,0,0,0.00000011419757376965192,0.00000013000634536617934,0,0,0.00000013000634536617934,0,0,0,0.00000013000634536617934,0.0000012133630152708484,0,0,0.0000012133630152708484,0.00000003137448351018716,0,0,0.00000003137448351018716,0.00000002926764466407779,0.00029578046091779866
"San Mateo",2050,LDT1,Aggregate,Aggregate,Electricity,1063.8201659992653,26189.77623637574,0,26189.77623637574,4950.532733568343,10111.415187104223,0,0,0,0,0,0,0,0,0.000057738573151871336,0.000044439741684189826,0.00010217831483606116,0,0,0,0,0.00023095429260748535,0.0001269706905262566,0.000357924983133742,0,0,0,0,0,0,0,0,0,0,0,0,0,0,0,0,0,0,0,0,0,0,0,0,0,0,0,0,0,0,0,0,0,0,0,0,0,0
"San Mateo",2050,LDT1,Aggregate,Aggregate,"Plug-in Hybrid",808.9844626543447,18056.08069385479,7345.755796017456,10710.324897837334,3345.1507531926136,3234.837337945767,0.00005255288579544154,0,0.0004321591672550047,0.00048471205305044624,0.000003516967978840076,0,0.000002691159654468864,0.00000620812763330894,0.00003980684395959922,0.00002737050611042873,0.00007338547770333689,0.000003825023568227529,0,0.0000029268816679989834,0.000006751905236226512,0.00015922737583839687,0.00007820144602979637,0.00024418072710441973,2.2013135602928893,0,0.24600762677623023,2.4473211870691194,0.000006299102307962949,0,0.0001419596262236556,0.00014825872853161854,0.000007612119505541291,0,0.00006159915678757835,0.00006921127629311965,0.000022321130067979674,0,0.0006513234578590635,0.0006736445879270431,0.0007957973920205449,0.00014406620429492135,0.0003057138602072402,0.0019192220444497494,0.000032570940598193376,0,0.0007131172028364506,0.000745688143434644,0.0007957973920205449,0.0001440662042948621,0.0003057138602071144,0.0019912655999571654,0.0032999470779386452,0,0.005081931573860587,0.008381878651799231,0.000021762225653513283,0,0.000002432035845759875,0.00002419426149927316,0.00034008690998278533,0.25806696131968737
"San Mateo",2050,LDT2,Aggregate,Aggregate,Gasoline,278096.44444577757,6151008.113801664,6151008.113801664,0,1286105.1144230035,0,0.14913863601092706,0,0.2920271772622706,0.4411658132731977,0.0030281541391959112,0,0.0010342844224104568,0.004062438561606368,0.013560651634862518,0.019561216284370186,0.03718430648083908,0.0032933939178116114,0,0.0011248786783880152,0.004418272596199627,0.054242606539450074,0.05588918938391483,0.11455006851956454,1942.8905483613757,0,99.03634000654463,2041.9268883679204,0.008075073282492427,0,0.05489922132547382,0.06297429460796625,0.020911701070991395,0,0.0399434299908166,0.060855131061807996,0.02588725059240954,0,0.22715202833235662,0.2530392789247662,0.2940030296044897,0.051838343823218475,0.22960828417387313,0.8284889365263476,0.03777461529626911,0,0.24870287889745823,0.28647749419372737,0.2940030296044897,0.05183834382319715,0.22960828417377865,0.861927151795193,3.4915403878505282,0,3.0320437614592453,6.523584149309773,0.01920745108565668,0,0.000979075047733649,0.02018652613339033,0.284358546952245,215.31863905004917
"San Mateo",2050,LDT2,Aggregate,Aggregate,Diesel,1068.28473208582,23615.896812832954,23615.896812832954,0,4939.026670943888,0,0.0007003925328341121,0,0,0.0007003925328341121,0.00010135565913028767,0,0,0.00010135565913028767,0.00005206414034881793,0.00007509599053629367,0.00022851579001539928,0.00010593851227708306,0,0,0.00010593851227708306,0.00020825656139527172,0.00021455997296083908,0.0005287550466331938,6.926863408460913,0,0,6.926863408460913,0.000014580611431898572,0,0,0.000014580611431898572,0.0010913301508929624,0,0,0.0010913301508929624,0.0003139119796046012,0,0,0.0003139119796046012,0,0,0,0.0003139119796046012,0.0003573679184933985,0,0,0.0003573679184933985,0,0,0,0.0003573679184933985,0.0033067042574590217,0,0,0.0033067042574590217,0.00006563555104470831,0,0,0.00006563555104470831,0.00008069939441214542,0.6187739643361453
"San Mateo",2050,LDT2,Aggregate,Aggregate,Electricity,11465.002863593283,197502.89935531683,0,197502.89935531683,53558.23648185277,76252.41995251297,0,0,0,0,0,0,0,0,0.0004354193597994527,0.00033505182453707116,0.0007704711843365239,0,0,0,0,0.0017416774391978108,0.0009572909272487748,0.0026989683664465857,0,0,0,0,0,0,0,0,0,0,0,0,0,0,0,0,0,0,0,0,0,0,0,0,0,0,0,0,0,0,0,0,0,0,0,0,0,0
"San Mateo",2050,LDT2,Aggregate,Aggregate,"Plug-in Hybrid",7780.173539316009,172562.74725899933,70280.4851774701,102282.26208152919,32171.017586195932,30892.291648192182,0.0005027994958915226,0,0.004156165505105417,0.00465896500099694,0.000033988532314944626,0,0.00002626282326519141,0.00006025135558013604,0.00038043573629556265,0.00026149751264892615,0.0007021846045246248,0.00003696563003596168,0,0.00002856321654389431,0.000065528846579856,0.0015217429451822506,0.0007471357504255034,0.00233440754218761,21.06105747879679,0,2.544684626061032,23.60574210485782,0.00006021597136036958,0,0.0013645303475376183,0.0014247463188979878,0.00007270063057039366,0,0.0005917453740520124,0.000664446004622406,0.00021355731043189982,0,0.006263914532726999,0.006477471843158899,0.007409738464316959,0.0013662186780100817,0.0028725235710205512,0.01812595255650649,0.0003116223260741444,0,0.006858197960607525,0.007169820286681669,0.007409738464316959,0.0013662186780095194,0.0028725235710193695,0.018818301000027515,0.03157222866341956,0,0.048874003624045224,0.08044623228746478,0.00020820999498781395,0,0.000025156798217332615,0.00023336679320514657,0.003253756010415076,2.4891960102680253
"San Mateo",2050,LHD1,Aggregate,Aggregate,Gasoline,10821.90299393714,249894.56501029446,249894.56501029446,0,161230.22997420246,0,0.0035217379244681475,0.0002764496569128296,0.06597641400925276,0.06977460159063374,0.00032263699212999996,0,0.00001606637558589738,0.0003387033677158973,0.0005509232116715551,0.007520101831498001,0.008409728410885454,0.0003508971666231386,0,0.000017473649359844593,0.0003683708159829832,0.0022036928466862204,0.021486005232851435,0.02405806889552064,203.97427015284993,1.2645190723070663,4.162236464719149,209.40102568987612,0.0002888412126816671,0.0009041029035842723,0.0030913066914709953,0.0042842508077369345,0.0003233244479642587,0.000025248372751280078,0.005956056325548181,0.00630462914626372,0.00099049564039229,0.0031751187468253075,0.014008318513991657,0.018173932901209257,0.024385198923255445,0.003139873878512693,0.03386661616022314,0.07956562186320054,0.0014453289133540188,0.004633125822039426,0.015337345514893753,0.0214158002502872,0.024385198923255445,0.0031398738785114026,0.033866616160209216,0.08280748921226327,0.16414011895206174,0.0451086758260274,0.6000575412183108,0.8093063359963999,0.0020164933222808976,0.000012501058409441791,0.00004114794493722545,0.0020701423256275645,0.012395768697083009,22.08107651849699
"San Mateo",2050,LHD1,Aggregate,Aggregate,Diesel,6998.949373961822,159503.86777908535,159503.86777908535,0,88037.9784461273,0,0.033100691736158046,0.0062491453501769675,0,0.039349837086335014,0.002858108319380565,0.00020380811333225069,0,0.0030619164327128157,0.0005274687532579112,0.004799965650181713,0.00838935083615244,0.002987339294915122,0.00021302341183202642,0,0.0032003627067471487,0.002109875013031645,0.013714187571947752,0.019024425291726547,105.13635648423023,0.8736412166812139,0,106.00999770091144,0.0006747281368683071,0.000039332157454792886,0,0.0007140602943231,0.016564275779730606,0.00013764252946902913,0,0.016701918309199634,0.01452649953182896,0.0008467981926836245,0,0.015373297724512585,0,0,0,0.015373297724512585,0.016537453929677776,0.0009640234434012121,0,0.01750147737307899,0,0,0,0.01750147737307899,0.036027319089223866,0.00701870040739094,0,0.04304601949661481,0.0009962204082509276,0.00000827819451473517,0,0.0010044986027656626,0.03864204509291276,9.469831100832046
"San Mateo",2050,LHD1,Aggregate,Aggregate,Electricity,15400.496531616864,406546.88680425024,0,406546.88680425024,215699.12651229335,266345.90226244304,0,0,0,0,0,0,0,0,0.0008962824643851209,0.006117127813325007,0.007013410277710128,0,0,0,0,0.0035851298575404838,0.01747750803807145,0.021062637895611934,0,0,0,0,0,0,0,0,0,0,0,0,0,0,0,0,0,0,0,0,0,0,0,0,0,0,0,0,0,0,0,0,0,0,0,0,0,0
"San Mateo",2050,LHD2,Aggregate,Aggregate,Gasoline,1267.7819127596067,28533.974170278572,28533.974170278572,0,18888.061505068123,0,0.0005507912805021836,0.000026922450274491233,0.00639682748458852,0.006974541215365195,0.00003691120784876143,0,0.0000018864396296990526,0.00003879764747846048,0.00006290664501244947,0.0010017883207816879,0.0011034926132725978,0.000040144306346463165,0,0.0000020516752177018896,0.000042195981564165056,0.00025162658004979787,0.0028622523450905378,0.0031560749067045006,26.245313610025704,0.17017451182972065,0.47891841757209813,26.894406539427525,0.000030345353969954796,0.00008991224900821626,0.00030881218020496705,0.0004290697831831381,0.00005401544860124524,0.0000025550766540007756,0.000602973797459554,0.0006595443227148001,0.00010190415197053532,0.00030921353830424007,0.0013700520037205756,0.001781169693995351,0.0029948625865508735,0.0003725660709906487,0.004152963624577923,0.009301561976114796,0.00014869829934385556,0.00045120366924039765,0.0015000344926085884,0.0020999364611928415,0.0029948625865508735,0.0003725660709904955,0.0041529636245762145,0.009620328743310425,0.01889428644527609,0.0052844646041285935,0.07063225246354798,0.09481100351295267,0.0002594616448247423,0.0000016823483004493485,0.000004734596134246676,0.0002658785892594383,0.0014153991056537923,2.835981565802694
"San Mateo",2050,LHD2,Aggregate,Aggregate,Diesel,3351.1314921762555,73747.1512163172,73747.1512163172,0,42153.01844816014,0,0.01916043065802329,0.003120473049078267,0,0.02228090370710156,0.0015867505416276688,0.0000975279749021971,0,0.001684278516529866,0.00024387695702946514,0.0025891603580541957,0.004517315831613527,0.0016584963600188255,0.00010193775715329541,0,0.001760434117172121,0.0009755078281178605,0.007397601023011989,0.01013354296830197,56.568460515661606,0.6785114241566063,0,57.24697193981821,0.00036923471965812565,0.000018832431049202004,0,0.00038806715070732766,0.008912383991134093,0.00010689975119228693,0,0.00901928374232638,0.007949406122507142,0.00040545115265117363,0,0.008354857275158317,0,0,0,0.008354857275158317,0.009049870358045475,0.00046157918106918687,0,0.009511449539114663,0,0,0,0.009511449539114663,0.019907598683625075,0.0033605883844311972,0,0.02326818706805627,0.0005360149116209074,0.000006429240565109371,0,0.0005424441521860167,0.017804390425072848,5.113849326113972
"San Mateo",2050,LHD2,Aggregate,Aggregate,Electricity,3855.216301520891,98585.88032655549,0,98585.88032655549,51003.965465088935,63557.12485214209,0,0,0,0,0,0,0,0,0.00021734466217172556,0.0017306068708787979,0.0019479515330505235,0,0,0,0,0.0008693786486869022,0.00494459105965371,0.005813969708340612,0,0,0,0,0,0,0,0,0,0,0,0,0,0,0,0,0,0,0,0,0,0,0,0,0,0,0,0,0,0,0,0,0,0,0,0,0,0
"San Mateo",2050,MCY,Aggregate,Aggregate,Gasoline,25188.770644091208,95413.00822916566,95413.00822916566,0,50377.541288182416,0,0.04775925002885781,0,0.0027846412989731067,0.050543891327830916,0.0002119285769256165,0,0.000196116819706785,0.0004080453966324015,0.00010517483818033099,0.00044173432035739013,0.0009549545551701226,0.00022734240408527924,0,0.00021038837635516718,0.0004377307804404464,0.00042069935272132396,0.0012620980581639718,0.002120528191325742,19.489056060107245,0,1.8790324032108678,21.368088463318113,0.013014204622019701,0,0.006602580147421374,0.019616784769441075,0.0036389435179803964,0,0.00020291440546469424,0.0038418579234450905,0.07717464251004308,0,0.044996698580044715,0.12217134109008779,0.07292499233963316,0.19644621904864504,0.20758785849483552,0.5991304109732015,0.09690862810145937,0,0.049029362835788015,0.14593799093724738,0.07292499233963316,0.19644621904856419,0.20758785849475012,0.6228970608201948,0.9740611686180752,0,0.42582624859983154,1.3998874172179068,0.00019266916054321386,0,0.000018576148308238974,0.00021124530885145284,0.0009673219592996871,2.2532382296509037
"San Mateo",2050,MDV,Aggregate,Aggregate,Gasoline,161305.01187184063,3574665.267417182,3574665.267417182,0,741855.9264832713,0,0.08914291623212428,0,0.17741316305355948,0.26655607928568376,0.0017517579843919719,0,0.0006004482097439698,0.0023522061941359416,0.007880787914085025,0.011514111120906275,0.02174710522912724,0.0019051966399591517,0,0.0006530422135171641,0.0025582388534763157,0.0315231516563401,0.0328974603454465,0.06697885085526292,1367.932674121419,0,69.35297230409019,1437.2856464255092,0.0048102086335343455,0,0.03224944139055449,0.037059650024088835,0.012379832620945587,0,0.02380587739139872,0.0361857100123443,0.015444816898987544,0,0.13414654966631862,0.14959136656530617,0.18838514551293017,0.03178360790328326,0.1469161263069612,0.5166762462884807,0.022537040563575226,0,0.14687358656273974,0.16941062712631497,0.18838514551293017,0.031783607903270186,0.1469161263069007,0.5364955068494159,2.0808714640179096,0,1.776605806432823,3.8574772704507323,0.013523407146541773,0,0.0006856247379962788,0.014209031884538051,0.16530635239412367,151.55997556889454
"San Mateo",2050,MDV,Aggregate,Aggregate,Diesel,1751.478676245483,38529.482864919046,38529.482864919046,0,8027.868179573509,0,0.00034688808204224334,0,0,0.00034688808204224334,0.00003091056698909948,0,0,0.00003091056698909948,0.00008494296953213532,0.00012417938026023826,0.00024003291678147305,0.000032308205664737,0,0,0.000032308205664737,0.0003397718781285413,0.0003547982293149665,0.0007268783131082449,14.662631136616737,0,0,14.662631136616737,0.000007893620743804049,0,0,0.000007893620743804049,0.002310103506771363,0,0,0.002310103506771363,0.00016994500714246247,0,0,0.00016994500714246247,0,0,0,0.00016994500714246247,0.00019347109191992533,0,0,0.00019347109191992533,0,0,0,0.00019347109191992533,0.005661906298982681,0,0,0.005661906298982681,0.0001389358816057514,0,0,0.0001389358816057514,0.0001316615650404813,1.3098070311189869
"San Mateo",2050,MDV,Aggregate,Aggregate,Electricity,10592.18862211514,179584.06413051923,0,179584.06413051923,49197.03710739802,69334.2706337882,0,0,0,0,0,0,0,0,0.00039591509030568317,0.00030504821941104205,0.0007009633097167252,0,0,0,0,0.0015836603612227327,0.0008715663411744059,0.0024552267023971387,0,0,0,0,0,0,0,0,0,0,0,0,0,0,0,0,0,0,0,0,0,0,0,0,0,0,0,0,0,0,0,0,0,0,0,0,0,0
"San Mateo",2050,MDV,Aggregate,Aggregate,"Plug-in Hybrid",4976.366950614139,110568.47679314374,45015.24011834227,65553.23667480146,20577.277341508554,19799.031275107467,0.0003220472935237224,0,0.002658373178486635,0.0029804204720103576,0.00002175738490335955,0,0.000016915684482870377,0.00003867306938622993,0.00024376176520152606,0.00016773154529367554,0.00045016637988143154,0.000023663141245259663,0,0.000018397350276990413,0.00004206049152225008,0.0009750470608061042,0.00047923298655335876,0.001496340538881713,13.489783930207828,0,1.9799868545924801,15.469770784800309,0.00003863186544658841,0,0.0008717407040470544,0.0009103725694936428,0.00004673167405944997,0,0.0003776624323772762,0.00042439410643672616,0.00013678524819292354,0,0.0040065349576861335,0.004143320205879057,0.005199298541890523,0.0009166348518614267,0.0020281037518954173,0.012287357351526423,0.00019959671307108245,0,0.004386651467280383,0.004586248180351466,0.005199298541890523,0.0009166348518610497,0.002028103751894583,0.01273028532599762,0.020222277219148252,0,0.031260867787825254,0.051483145006973506,0.00013336024780915824,0,0.000019574185839703126,0.00015293443364886136,0.0020840733532525068,1.63126800022785
"San Mateo",2050,MH,Aggregate,Aggregate,Gasoline,1492.1886417015821,10520.907872171707,10520.907872171707,0,149.27855171582624,0,0.0025496516167232675,0,0.00005056663808587421,0.0026002182548091417,0.00001598747086467035,0,0.00000005790597459810397,0.000016045376839268452,0.00003479194724835665,0.0001827284606220739,0.000233565784709699,0.00001738783327617432,0,0.00000006297803076728098,0.0000174508113069416,0.0001391677889934266,0.0005220813160630683,0.0006786999163634365,22.55441330884744,0,0.004809520825834141,22.559222829673274,0.00003227290367568836,0,0.000005297024689863155,0.00003756992836555152,0.0002078629486017017,0,0.000005852356722605774,0.00021371530532430749,0.00009135050792322273,0,0.000018271754352577726,0.00010962226227580044,0.0027239767606444727,0.00037577407785946356,0.000016028546923446368,0.003225401647703183,0.0001332984467238216,0,0.00002000527111007945,0.00015330371783390105,0.0027239767606444727,0.00037577407785930895,0.000016028546923439774,0.003269083103261122,0.0016503516065302433,0,0.00034099568954496645,0.0019913472960752096,0.00022297333772133525,0,0.000000047547009833141695,0.0002230208847311684,0.0005218790591199444,2.3788418602952563
"San Mateo",2050,MH,Aggregate,Aggregate,Diesel,916.3631994219576,5791.748171954208,5791.748171954208,0,91.63631994219574,0,0.015318103810925156,0,0,0.015318103810925156,0.00009426440425374768,0,0,0.00009426440425374768,0.000025537238081629284,0.00010007305116705482,0.0002198746935024318,0.00009852662232200336,0,0,0.00009852662232200336,0.00010214895232651714,0.00028592300333444236,0.00048659857798296285,6.950857104757272,0,0,6.950857104757272,0.00002359764136225616,0,0,0.00002359764136225616,0.0010951103675156263,0,0,0.0010951103675156263,0.0005080433251118255,0,0,0.0005080433251118255,0,0,0,0.0005080433251118255,0.0005783735486245738,0,0,0.0005783735486245738,0,0,0,0.0005783735486245738,0.0014360393161023418,0,0,0.0014360393161023418,0.00006586290351077359,0,0,0.00006586290351077359,0.0014022294814587785,0.6209173117216646
